     #v1       v2       v3       v4       v5       v6       v7  v8           v9        z
0.874335 0.271150 0.969445 0.856127 0.374743 0.894346 0.414925 0.0 8.297720e-01 0.697296
0.541234 0.947532 0.467824 0.092297 0.482507 0.747468 0.434109 0.0 2.180860e-01 0.380530
0.176390 0.484485 0.238439 0.136236 0.498353 0.688374 0.507217 1.0 5.227501e-02 0.290129
0.043172 0.755097 0.925180 0.801257 0.669486 0.559499 0.640841 0.0 8.250908e-01 0.751813
0.084136 0.058568 0.315165 0.005914 0.393162 0.517425 0.458254 0.0 8.421548e-02 0.228512
0.057162 0.868008 0.236068 0.059256 0.628069 0.283396 0.586623 1.0 5.482286e-02 0.328745
0.181878 0.606585 0.951962 0.783162 0.162269 0.578722 0.164281 1.0 8.510116e-01 0.825694
0.317133 0.086053 0.443690 0.055540 0.563437 0.135447 0.619094 0.0 1.677684e-01 0.253902
0.037296 0.431111 0.429056 0.062862 0.663992 0.468212 0.675330 0.0 1.675270e-01 0.296703
0.260614 0.878514 0.097942 0.018302 0.375019 0.364321 0.337468 0.0 9.470326e-03 0.293062
0.433125 0.672092 0.211207 0.155545 0.686972 0.628396 0.667499 1.0 4.242526e-02 0.340570
0.947562 0.215265 0.756793 0.768926 0.968805 0.691114 1.000000 0.0 5.003533e-01 0.537005
0.671765 0.484813 0.683686 0.906991 0.609173 0.691073 0.613535 1.0 4.294663e-01 0.535925
0.702492 0.573505 0.140649 0.116960 0.400589 0.444917 0.400283 1.0 1.850001e-02 0.243660
0.965496 0.429118 0.434942 0.120202 0.409047 0.614097 0.427959 1.0 1.720900e-01 0.347791
0.475856 0.987597 0.998582 0.750175 0.511583 0.366609 0.457333 0.0 1.000000e+00 0.881708
0.172364 0.869968 0.414500 0.021878 0.275227 0.421771 0.241617 1.0 1.689853e-01 0.393240
0.723773 0.326263 0.151742 0.071866 0.368098 0.375419 0.401398 0.0 2.057554e-02 0.230824
0.447052 0.813640 0.403029 0.143651 0.478282 0.278660 0.445194 0.0 1.582321e-01 0.360223
0.733343 0.557051 0.104008 0.085516 0.482251 0.750863 0.482114 0.0 1.009412e-02 0.207881
0.043184 0.562971 0.136772 0.151716 0.457948 0.832149 0.457363 1.0 1.746212e-02 0.302022
0.858694 0.568165 0.475021 0.164925 0.390792 0.320655 0.392470 0.0 2.105092e-01 0.334012
0.848841 0.750065 0.757511 0.867205 0.644912 0.340634 0.616386 0.0 5.526866e-01 0.624069
0.046176 0.289886 0.571115 0.687799 0.267518 0.530109 0.306328 0.0 2.890628e-01 0.403363
0.408748 0.642657 0.042743 0.058024 0.440311 0.598045 0.430195 0.0 1.738014e-03 0.223600
0.675710 0.454283 0.125219 0.043103 0.683085 0.727138 0.691185 0.0 1.435367e-02 0.243618
0.456324 0.431136 0.767970 0.846208 0.456581 0.467174 0.472206 1.0 5.365562e-01 0.597825
0.230461 0.973015 0.340416 0.055569 0.580574 0.567643 0.527408 1.0 1.159959e-01 0.376582
0.167025 0.598498 0.932560 0.736586 0.611946 0.410940 0.604821 0.0 8.155042e-01 0.678632
0.429505 0.890044 0.286106 0.165781 0.031653 0.279962 0.001348 1.0 8.081162e-02 0.366417
0.780861 0.305137 0.282536 0.050952 0.354141 0.330003 0.388957 0.0 7.098577e-02 0.215428
0.968224 0.851000 0.613076 0.859740 0.198369 0.616022 0.169807 0.0 3.684026e-01 0.492762
0.858267 0.330437 0.387719 0.056659 0.567635 0.428911 0.593452 0.0 1.342766e-01 0.232321
0.608194 0.103283 0.513887 0.814030 0.641266 0.588223 0.692669 1.0 2.257956e-01 0.411615
0.087093 0.953165 0.189111 0.136472 0.647918 0.382694 0.595530 0.0 3.570340e-02 0.278831
0.906783 0.751602 0.718664 0.772987 0.274228 0.410792 0.254181 0.0 4.975969e-01 0.516011
0.941220 0.560115 0.930653 0.681607 0.455512 0.390086 0.456843 0.0 8.066068e-01 0.710900
0.452519 0.209120 0.790741 0.777076 0.337821 0.635740 0.383763 0.0 5.455964e-01 0.585074
0.867947 0.618366 0.729716 0.826372 0.383459 0.947874 0.378625 0.0 5.011367e-01 0.592317
0.206981 0.269874 0.878613 0.923408 0.353567 0.876172 0.393442 1.0 6.814218e-01 0.621719
0.793965 0.661460 0.761702 0.830605 0.653345 0.275205 0.636941 0.0 5.502092e-01 0.659391
0.500577 0.912676 0.099189 0.150942 0.685256 0.625532 0.635424 1.0 9.769024e-03 0.321288
0.521990 0.212623 0.693893 0.790007 0.422566 0.331886 0.467112 1.0 4.204393e-01 0.555716
0.121252 0.023635 0.624059 0.961854 0.428144 0.409410 0.496302 0.0 3.277625e-01 0.422233
0.608585 0.893146 0.996371 0.738806 0.412020 0.708287 0.371210 0.0 9.798780e-01 0.833241
0.253149 0.860833 0.079055 0.163148 0.512069 0.437141 0.471889 1.0 6.155913e-03 0.280100
0.683001 0.570348 0.478407 0.054279 0.815098 0.165645 0.804471 0.0 2.136038e-01 0.332847
0.179138 0.418158 0.146951 0.029604 0.475038 0.520868 0.492907 1.0 1.963061e-02 0.225044
0.233386 0.104923 0.645375 0.873503 0.625352 0.370558 0.677299 1.0 3.561992e-01 0.478991
0.334369 0.925546 0.967081 0.894620 0.377300 0.294295 0.334042 0.0 9.281973e-01 0.868050
0.510207 0.350738 0.673685 0.759907 0.278003 0.399739 0.310852 0.0 4.068079e-01 0.455838
0.882887 0.758442 0.276035 0.150340 0.466317 0.313431 0.440276 0.0 7.354555e-02 0.266134
0.653233 0.250026 0.818566 0.789059 0.532068 0.281242 0.570108 0.0 5.892519e-01 0.592133
0.550983 0.996619 0.405737 0.078376 0.361325 0.155869 0.310605 0.0 1.654099e-01 0.369856
0.817891 0.169829 0.285184 0.047693 0.557213 0.548545 0.602320 0.0 7.047805e-02 0.210423
0.786146 0.225253 0.821338 0.972675 0.523941 0.289601 0.565043 0.0 5.904509e-01 0.552535
0.337728 0.011914 0.124347 0.152055 0.386546 0.413170 0.457837 0.0 1.300721e-02 0.249909
0.547895 0.855446 0.756428 0.720185 0.324823 0.524317 0.292075 0.0 5.612028e-01 0.670971
0.654454 0.254017 0.241563 0.044022 0.412044 0.183950 0.452328 0.0 5.139927e-02 0.247331
0.740459 0.334425 0.411701 0.037280 0.251258 0.460778 0.284367 1.0 1.515073e-01 0.344926
0.614544 0.560199 0.022022 0.087434 0.361220 0.326433 0.364015 0.0 4.575601e-04 0.168365
0.528915 0.970493 0.479023 0.007662 0.753684 0.389738 0.695135 1.0 2.295316e-01 0.451259
0.953639 0.627752 0.101450 0.132779 0.373103 0.599968 0.367662 0.0 9.726650e-03 0.222425
0.805213 0.073557 0.703203 0.691628 0.448492 0.527981 0.509194 0.0 4.202800e-01 0.465978
0.927322 0.833913 0.981424 0.907537 0.444276 0.764434 0.410451 1.0 9.411532e-01 0.900000
0.854307 0.690463 0.432805 0.003281 0.326018 0.555040 0.312883 0.0 1.786029e-01 0.342270
0.706496 0.366285 0.687705 0.793649 0.624744 0.221372 0.643754 0.0 4.251431e-01 0.503102
0.464188 0.306689 0.536753 0.855967 0.504726 0.576180 0.534293 0.0 2.561439e-01 0.400861
0.839120 0.254366 0.889752 0.715368 0.812498 0.532368 0.842849 1.0 6.967508e-01 0.624217
0.668817 0.565652 0.382566 0.031144 0.554955 0.729668 0.552395 1.0 1.364985e-01 0.329936
0.134639 0.085308 0.800205 0.820755 0.681073 0.332860 0.734591 0.0 5.454589e-01 0.501510
0.769654 0.525476 0.628761 0.796608 0.681733 0.200471 0.679514 0.0 3.659407e-01 0.508212
0.752396 0.071179 0.544699 0.675658 0.614775 0.188950 0.672657 0.0 2.520808e-01 0.357160
0.609016 0.611367 0.625803 0.767037 0.531779 0.255313 0.522481 0.0 3.681389e-01 0.458800
0.579470 0.307997 0.866307 0.838503 0.422955 0.118210 0.456608 0.0 6.672604e-01 0.678629
0.158965 0.301688 0.748497 0.755524 0.562561 0.300015 0.591708 1.0 4.975527e-01 0.576339
0.188022 0.241399 0.982337 0.746600 0.203172 0.318871 0.250861 0.0 8.471771e-01 0.697562
0.082987 0.636191 0.825707 0.779954 0.587606 0.542076 0.573763 0.0 6.436576e-01 0.611140
0.125353 0.222638 0.802309 0.882843 0.456670 0.683825 0.498924 1.0 5.631306e-01 0.606266
0.252533 0.731977 0.214122 0.004186 0.373879 0.356461 0.355033 0.0 4.406393e-02 0.294715
0.643248 0.313062 0.429287 0.055519 0.338914 0.342000 0.373184 0.0 1.640632e-01 0.304199
0.849220 0.605285 0.637590 0.796364 0.511494 0.936797 0.505290 0.0 3.817203e-01 0.474579
0.670931 0.130636 0.071232 0.001339 0.622130 0.241931 0.670607 1.0 4.377099e-03 0.172524
0.641656 0.877883 0.024814 0.017446 0.344634 0.561781 0.309447 0.0 6.131993e-04 0.239666
0.613579 0.048301 0.740294 0.705338 0.413219 0.489809 0.480085 1.0 4.634580e-01 0.519065
0.190817 0.628199 0.450475 0.165050 0.137156 0.358713 0.139038 0.0 1.913627e-01 0.348865
0.043220 0.029130 0.166118 0.098397 0.541439 0.548631 0.604499 0.0 2.327990e-02 0.180690
0.419718 0.184751 0.058519 0.070476 0.475254 0.495015 0.522545 1.0 2.987978e-03 0.281197
0.070844 0.440957 0.728175 0.677839 0.545495 0.427218 0.556880 0.0 4.832723e-01 0.514059
0.806923 0.784636 0.536600 0.741795 0.288874 0.597599 0.265877 1.0 2.790441e-01 0.460359
0.571344 0.003714 0.369750 0.135721 0.426305 0.263688 0.497333 1.0 1.146407e-01 0.313951
0.444385 0.603633 0.113086 0.165723 0.386162 0.582134 0.384172 0.0 1.203048e-02 0.208619
0.525984 0.438702 0.074022 0.083441 0.636643 0.233681 0.647561 0.0 5.009696e-03 0.268018
0.974475 0.422125 0.738683 0.702419 0.446558 0.512280 0.464451 0.0 4.955963e-01 0.583966
0.499855 0.204091 0.241935 0.082878 0.439724 0.630567 0.486542 1.0 5.106775e-02 0.301898
0.043005 0.160673 0.663177 0.875496 0.317103 0.538792 0.371890 0.0 3.802221e-01 0.458465
0.118005 0.367672 0.567558 0.942975 0.730707 0.240507 0.749094 0.0 2.896702e-01 0.438249
0.214094 0.679998 0.859470 0.894653 0.431211 0.817244 0.416495 0.0 7.027796e-01 0.635882
0.508777 0.928426 0.532949 0.921926 0.583672 0.569834 0.534185 0.0 2.821004e-01 0.501096
0.988445 0.646273 0.035246 0.081264 0.499377 0.372122 0.486665 1.0 1.184274e-03 0.323847
0.011290 0.957089 0.014558 0.067668 0.589216 0.510719 0.536586 0.0 2.156712e-04 0.302499
0.695851 0.253643 0.294101 0.110311 0.386625 0.307158 0.427749 0.0 7.616654e-02 0.191276
0.280412 0.972106 0.340918 0.035645 0.495524 0.278528 0.442270 1.0 1.163201e-01 0.381413
0.917497 0.555814 0.736660 0.757829 0.540930 0.665080 0.540984 0.0 5.050339e-01 0.516479
0.436559 0.110391 0.503519 0.705113 0.497688 0.399634 0.553465 1.0 2.170806e-01 0.396571
0.666151 0.781794 0.590412 0.945878 0.440680 0.574857 0.413839 1.0 3.376353e-01 0.505479
0.042892 0.387016 0.271135 0.142920 0.336421 0.785937 0.360257 0.0 6.638349e-02 0.256880
0.267545 0.332380 0.955635 0.998676 0.424699 0.392022 0.454038 0.0 8.156652e-01 0.782896
0.154980 0.983012 0.560009 0.995494 0.375593 0.317031 0.326359 1.0 3.143328e-01 0.541715
0.759918 0.775605 0.154103 0.118966 0.521985 0.399394 0.495126 0.0 2.300932e-02 0.240838
0.289892 0.625433 0.422132 0.096467 0.501936 0.650401 0.492566 0.0 1.679647e-01 0.345573
0.943019 0.297943 0.566492 0.874428 0.205816 0.650292 0.244878 0.0 2.848357e-01 0.415912
0.127065 0.561045 0.203537 0.041481 0.184375 0.557156 0.190459 0.0 3.863098e-02 0.216642
0.304212 0.551770 0.720187 0.957314 0.601868 0.125722 0.598884 0.0 4.823532e-01 0.528752
0.980506 0.789704 0.856890 0.972076 0.423660 0.548706 0.395411 0.0 7.120554e-01 0.650167
0.835158 0.063561 0.662963 0.973365 0.735180 0.426878 0.789842 0.0 3.728293e-01 0.448690
0.665162 0.233587 0.266728 0.103661 0.311710 0.672295 0.355467 0.0 6.241538e-02 0.180353
0.597595 0.320376 0.547827 0.860925 0.307488 0.496250 0.343119 1.0 2.675074e-01 0.435719
0.482804 0.419401 0.406556 0.128214 0.361858 0.532043 0.381479 1.0 1.500986e-01 0.360670
0.508363 0.360758 0.663739 0.818651 0.226638 0.505757 0.257494 1.0 3.956268e-01 0.479252
0.506251 0.917710 0.816127 0.691224 0.352765 0.350473 0.310132 1.0 6.602064e-01 0.763733
0.411560 0.636771 0.121786 0.012699 0.416725 0.524212 0.408625 1.0 1.403258e-02 0.309816
0.250792 0.813273 0.714307 0.993859 0.423323 0.465530 0.392840 1.0 4.968508e-01 0.695718
0.726830 0.654610 0.661623 0.828953 0.760027 0.611369 0.739086 0.0 4.146470e-01 0.531575
0.532854 0.235307 0.795501 0.934449 0.385529 0.499721 0.428267 0.0 5.549583e-01 0.611708
0.017922 0.995512 0.478642 0.001107 0.317779 0.425144 0.266717 0.0 2.301267e-01 0.393906
0.188821 0.008232 0.389774 0.001333 0.429964 0.421366 0.500831 0.0 1.275040e-01 0.232356
0.116877 0.618059 0.072574 0.059971 0.523298 0.393502 0.515174 1.0 4.974724e-03 0.258929
0.209379 0.711345 0.803913 0.672142 0.534574 0.521146 0.514464 0.0 6.182666e-01 0.684963
0.243590 0.739226 0.711753 0.875905 0.573604 0.489470 0.546979 0.0 4.870241e-01 0.589263
0.015639 0.272971 0.799018 0.973983 0.695816 0.614481 0.724253 1.0 5.639019e-01 0.675862
0.785614 0.448009 0.950689 0.884244 0.830218 0.595378 0.834908 0.0 8.247412e-01 0.801085
0.955603 0.963395 0.001197 0.135095 0.414824 0.427078 0.365147 0.0 1.782310e-06 0.235808
0.188277 0.780900 0.787612 0.923284 0.705197 0.542558 0.672178 0.0 6.006768e-01 0.590186
0.706864 0.409636 0.732458 0.889484 0.340136 0.419295 0.362545 0.0 4.861586e-01 0.542203
0.941022 0.610381 0.777713 0.786803 0.398623 0.342950 0.394357 1.0 5.684065e-01 0.618555
0.222732 0.571900 0.638160 0.836759 0.332925 0.485172 0.334870 0.0 3.801262e-01 0.477184
0.080609 0.496341 0.806215 0.814842 0.469460 0.416921 0.476009 1.0 5.984125e-01 0.620924
0.535351 0.607656 0.659594 0.941814 0.574039 0.340523 0.565912 0.0 4.086885e-01 0.475664
0.733263 0.213482 0.444895 0.088165 0.450105 0.098213 0.493855 0.0 1.729052e-01 0.260771
0.932011 0.856297 0.484637 0.101112 0.575661 0.637447 0.535923 0.0 2.304497e-01 0.381773
0.308947 0.032028 0.118957 0.103312 0.498455 0.590494 0.564080 1.0 1.195319e-02 0.276750
0.947611 0.234582 0.770551 0.902021 0.758895 0.544472 0.792737 0.0 5.206280e-01 0.504320
0.788423 0.755003 0.925863 0.875868 0.544298 0.711619 0.517142 0.0 8.262960e-01 0.747432
0.246303 0.352160 0.993052 0.810550 0.420648 0.146498 0.448343 1.0 8.840433e-01 0.809753
0.771550 0.453053 0.440942 0.165071 0.625675 0.641703 0.636098 0.0 1.776483e-01 0.339279
0.780918 0.181125 0.405550 0.141209 0.475517 0.548338 0.522864 0.0 1.427926e-01 0.249557
0.220805 0.483091 0.541215 0.883851 0.635422 0.396724 0.640728 1.0 2.690721e-01 0.498281
0.003095 0.647162 0.351196 0.022451 0.445055 0.444718 0.433811 0.0 1.167230e-01 0.281428
0.259946 0.018216 0.154878 0.014755 0.418517 0.411101 0.487776 0.0 2.019482e-02 0.218262
0.499033 0.864784 0.845245 0.838233 0.276093 0.225370 0.243648 1.0 7.018176e-01 0.809343
0.685632 0.474477 0.564210 0.836935 0.634829 0.605652 0.642057 0.0 2.919564e-01 0.448156
0.618465 0.156093 0.787287 0.993019 0.400217 0.256340 0.452625 0.0 5.353386e-01 0.523933
0.432465 0.508158 0.665874 0.986688 0.424435 0.626167 0.432941 0.0 4.091190e-01 0.472849
0.757239 0.339224 0.536913 0.940892 0.520655 0.527713 0.547241 0.0 2.578677e-01 0.405804
0.181460 0.307761 0.145558 0.059949 0.239983 0.425984 0.278788 1.0 1.886826e-02 0.295684
0.298157 0.333374 0.174763 0.088124 0.585523 0.427206 0.611373 0.0 2.732136e-02 0.263793
0.303924 0.445555 0.721392 0.749343 0.451087 0.355664 0.467084 1.0 4.747124e-01 0.518846
0.858351 0.592941 0.253197 0.105622 0.298578 0.338296 0.299650 0.0 6.010700e-02 0.240745
0.879079 0.250200 0.771459 0.878905 0.502723 0.755942 0.542182 0.0 5.234109e-01 0.591461
0.377975 0.935285 0.359805 0.091963 0.501367 0.179801 0.454379 1.0 1.287614e-01 0.383457
0.864696 0.127047 0.876821 0.826262 0.580077 0.089102 0.630244 0.0 6.602612e-01 0.564319
0.237039 0.741365 0.402777 0.034717 0.464362 0.274268 0.440380 0.0 1.560707e-01 0.321457
0.169522 0.142604 0.786507 0.691736 0.156906 0.657760 0.216787 0.0 5.328809e-01 0.502440
0.103345 0.895661 0.991909 0.781984 0.590521 0.675865 0.545424 0.0 9.715371e-01 0.829939
0.251384 0.637936 0.622684 0.989496 0.728018 0.576759 0.711778 0.0 3.662045e-01 0.512741
0.785689 0.723033 0.841499 0.924238 0.563431 0.404289 0.540152 0.0 6.788046e-01 0.712342
0.684495 0.949016 0.003938 0.068436 0.462643 0.333914 0.414436 1.0 1.659802e-05 0.304612
0.555610 0.330631 0.480388 0.108925 0.441807 0.503805 0.469972 0.0 2.061116e-01 0.292893
0.398225 0.025790 0.394990 0.123554 0.395517 0.541413 0.464881 0.0 1.313970e-01 0.259951
0.986554 0.667416 0.658113 0.997325 0.236112 0.524872 0.230066 0.0 4.111896e-01 0.583559
0.651631 0.539999 0.765473 0.932802 0.274686 0.324980 0.282765 0.0 5.437533e-01 0.611192
0.130122 0.207780 0.729507 0.841747 0.482851 0.552659 0.525807 0.0 4.642634e-01 0.542641
0.733392 0.901427 0.867786 0.869277 0.714560 0.353655 0.665683 1.0 7.443618e-01 0.826323
0.227470 0.130034 0.327623 0.041385 0.328412 0.611843 0.387252 0.0 9.228653e-02 0.191018
0.776276 0.340788 0.995081 0.768364 0.495184 0.446506 0.523406 0.0 8.857746e-01 0.740760
0.770464 0.346445 0.668093 0.941900 0.587244 0.516536 0.612341 0.0 3.997626e-01 0.503134
0.300361 0.771982 0.693326 0.923790 0.191507 0.375424 0.172766 0.0 4.647742e-01 0.553172
0.822438 0.825344 0.766188 0.833327 0.525831 0.687127 0.490212 0.0 5.728163e-01 0.633797
0.327424 0.977310 0.413934 0.065437 0.365050 0.565675 0.315262 0.0 1.716043e-01 0.349715
0.935434 0.576292 0.145344 0.098005 0.750721 0.645786 0.740191 0.0 1.976446e-02 0.208958
0.555238 0.399635 0.492908 0.122645 0.449308 0.740441 0.469965 0.0 2.197994e-01 0.361374
0.833401 0.098467 0.129501 0.054417 0.626422 0.521652 0.679907 0.0 1.434996e-02 0.214281
0.468386 0.767158 0.384416 0.025801 0.375576 0.622687 0.351497 1.0 1.428090e-01 0.378452
0.199242 0.620120 0.613572 0.913456 0.413072 0.463947 0.408163 0.0 3.544439e-01 0.503564
0.606156 0.687570 0.058031 0.130781 0.300175 0.694034 0.288915 0.0 3.223274e-03 0.215563
0.519444 0.286477 0.606516 0.794139 0.498918 0.371580 0.532035 0.0 3.257882e-01 0.427700
0.813028 0.773641 0.098733 0.156660 0.417827 0.439194 0.391423 0.0 9.451984e-03 0.295089
0.863797 0.910629 0.970562 0.980556 0.764509 0.479731 0.711452 0.0 9.325369e-01 0.852760
0.590513 0.531707 0.014815 0.099317 0.465371 0.579183 0.467899 0.0 2.073379e-04 0.165616
0.930270 0.086913 0.792820 0.863357 0.371172 0.515925 0.432817 0.0 5.356077e-01 0.573820
0.321704 0.361365 0.541774 0.803342 0.415901 0.644357 0.442432 0.0 2.636448e-01 0.408568
0.405222 0.943762 0.734150 0.824869 0.537879 0.545939 0.488722 1.0 5.366097e-01 0.687267
0.429892 0.096780 0.148567 0.029147 0.535570 0.322913 0.592226 1.0 1.887464e-02 0.250852
0.084525 0.298715 0.823905 0.866565 0.505414 0.497933 0.535965 0.0 6.024951e-01 0.618131
0.518217 0.790663 0.753173 0.667548 0.228081 0.633760 0.206643 1.0 5.502314e-01 0.656751
0.050917 0.967745 0.886103 0.729359 0.591326 0.402311 0.536635 0.0 7.848298e-01 0.798448
0.980544 0.274368 0.066851 0.033012 0.318824 0.395962 0.359083 0.0 3.964343e-03 0.215677
0.216517 0.958530 0.000000 0.030413 0.572623 0.487695 0.519144 0.0 0.000000e+00 0.289473
0.868648 0.630858 0.838013 0.870044 0.599476 0.466749 0.586221 0.0 6.623564e-01 0.607687
0.983229 0.607068 0.622377 0.745343 0.185203 0.407928 0.185760 0.0 3.638410e-01 0.466090
0.207812 0.970312 0.033445 0.038641 0.636574 0.370682 0.580508 0.0 1.128042e-03 0.243201
0.951719 0.990334 0.580521 0.725456 0.451084 0.436213 0.397321 0.0 3.381890e-01 0.511987
0.529879 0.502641 0.743757 0.911981 0.483110 0.349824 0.490375 0.0 5.098850e-01 0.606806
0.047194 0.616340 0.000524 0.116604 0.685098 0.557358 0.670837 0.0 4.022138e-07 0.268242
0.149478 0.749674 0.585455 0.900241 0.227923 0.517445 0.211978 0.0 3.301475e-01 0.476413
0.650091 0.329471 0.868722 0.914451 0.722224 0.310979 0.745224 1.0 6.736991e-01 0.754829
0.965464 0.100827 0.095684 0.087448 0.373271 0.362197 0.433661 1.0 7.844006e-03 0.233293
0.166116 0.846812 0.407568 0.001829 0.474271 0.579259 0.438356 1.0 1.627378e-01 0.383765
0.504072 0.936866 0.428773 0.038495 0.176533 0.406217 0.136264 1.0 1.828792e-01 0.408918
0.545486 0.624384 0.500398 0.990834 0.437606 0.439695 0.430566 0.0 2.359527e-01 0.428952
0.006139 0.984390 0.142143 0.078860 0.587716 0.491975 0.531409 0.0 2.028730e-02 0.260429
0.305447 0.457444 0.187423 0.162467 0.590509 0.409620 0.599996 0.0 3.215033e-02 0.229557
0.862050 0.088247 0.342629 0.097455 0.461016 0.363518 0.521713 0.0 1.001086e-01 0.185328
0.964849 0.450051 0.113876 0.147571 0.273448 0.377213 0.293074 0.0 1.186469e-02 0.208898
0.891142 0.752994 0.258332 0.113379 0.671738 0.534365 0.641154 1.0 6.435830e-02 0.315024
0.353154 0.232175 0.089861 0.085424 0.631006 0.384408 0.666341 0.0 7.097682e-03 0.153474
0.721451 0.361260 0.870608 0.798781 0.522160 0.407993 0.544615 1.0 6.806605e-01 0.679027
0.371586 0.360153 0.637057 0.811424 0.352210 0.526003 0.380640 0.0 3.644239e-01 0.461182
0.585859 0.238324 0.252364 0.086567 0.573512 0.587676 0.610725 1.0 5.592818e-02 0.288710
0.664111 0.488664 0.557253 0.960044 0.496310 0.495161 0.505909 1.0 2.855412e-01 0.458924
0.615689 0.135638 0.776986 0.864111 0.719853 0.513583 0.765158 0.0 5.193563e-01 0.483585
0.136302 0.029486 0.113832 0.039822 0.186605 0.473347 0.261580 0.0 1.094094e-02 0.182965
0.844079 0.759903 0.258431 0.087465 0.584083 0.392161 0.554542 0.0 6.448475e-02 0.291642
0.732012 0.778942 0.960027 0.667632 0.591354 0.478628 0.559622 0.0 8.920863e-01 0.808681
0.381058 0.863734 0.279103 0.099628 0.523632 0.337186 0.484731 0.0 7.656244e-02 0.331686
0.623344 0.878019 0.576947 0.899488 0.379345 0.420832 0.340787 0.0 3.277781e-01 0.497597
0.525051 0.012998 0.170329 0.073442 0.396392 0.326353 0.468293 0.0 2.439554e-02 0.193962
0.383822 0.623627 0.658710 0.745283 0.362485 0.329366 0.358374 0.0 4.087536e-01 0.498152
0.405519 0.289041 0.154776 0.098190 0.406745 0.589318 0.442340 1.0 2.125607e-02 0.291952
0.659054 0.090206 0.107430 0.152295 0.226498 0.357335 0.293091 0.0 9.864001e-03 0.138957
0.175085 0.118258 0.567705 0.762792 0.345001 0.610469 0.402236 0.0 2.763587e-01 0.388243
0.714048 0.364841 0.612203 0.738237 0.586231 0.000000 0.608142 0.0 3.368431e-01 0.443027
0.967017 0.385123 0.444957 0.156747 0.216972 0.810974 0.245601 1.0 1.786449e-01 0.359443
0.406624 0.742049 0.192111 0.143008 0.234626 0.494545 0.218240 0.0 3.553813e-02 0.247472
0.568171 0.342051 0.775651 0.696371 0.439290 0.569711 0.468771 0.0 5.383666e-01 0.508570
0.270401 0.313673 0.901196 0.809156 0.473244 0.600617 0.504671 0.0 7.228505e-01 0.631252
0.561637 0.330059 0.147980 0.068732 0.209453 0.379806 0.245346 1.0 1.958268e-02 0.277589
0.708259 0.258306 0.753342 0.849643 0.437606 0.481231 0.477490 0.0 4.998908e-01 0.515962
0.952760 0.718830 0.873673 0.925679 0.385660 0.384488 0.367541 0.0 7.311586e-01 0.737139
0.253081 0.804465 0.780281 0.715075 0.659231 0.415667 0.624902 1.0 5.919500e-01 0.676558
0.486482 0.752335 0.589721 0.826216 0.386957 0.872383 0.364897 0.0 3.351292e-01 0.521376
0.674878 0.669124 0.813794 0.694756 0.182379 0.357599 0.177607 0.0 6.288746e-01 0.682418
0.190511 0.264187 0.661186 0.726194 0.740126 0.683502 0.769035 1.0 3.855200e-01 0.486887
0.022204 0.777365 0.841108 0.813878 0.702172 0.347769 0.669989 1.0 6.846107e-01 0.731654
0.216720 0.304447 0.776427 0.792829 0.468882 0.440584 0.500074 1.0 5.356491e-01 0.609203
0.556944 0.673129 0.530863 0.784461 0.457058 0.451147 0.441768 0.0 2.678484e-01 0.422442
0.733895 0.812457 0.122476 0.043973 0.428320 0.366034 0.399030 1.0 1.463393e-02 0.330359
0.329155 0.679886 0.944738 0.669435 0.710591 0.468495 0.688013 0.0 8.491003e-01 0.812846
0.573256 0.010852 0.076330 0.139179 0.295139 0.657229 0.367367 0.0 4.907477e-03 0.233293
0.473652 0.308710 0.098343 0.095051 0.684845 0.429822 0.709827 1.0 8.622722e-03 0.251741
0.853344 0.946865 0.968537 0.751752 0.460531 0.493156 0.413641 0.0 9.343423e-01 0.841188
0.846285 0.537097 0.340279 0.047017 0.582550 0.777029 0.582966 0.0 1.074468e-01 0.246445
0.624630 0.956768 0.505917 0.719539 0.528787 0.263632 0.476637 0.0 2.554314e-01 0.451776
0.517154 0.355793 0.753423 0.870587 0.581991 0.424911 0.603261 0.0 5.092642e-01 0.601284
0.460584 0.480584 0.372528 0.010095 0.688921 0.708785 0.692436 1.0 1.274544e-01 0.343317
0.202851 0.911671 0.779575 0.873634 0.536677 0.668669 0.490036 0.0 6.017890e-01 0.603546
0.661861 0.930403 0.404420 0.071024 0.381296 0.510983 0.338927 0.0 1.625249e-01 0.362959
0.876579 0.774248 0.851407 0.784984 0.906512 0.220046 0.867505 0.0 7.010969e-01 0.626895
0.788898 0.750414 0.675420 0.705128 0.659324 0.526847 0.629038 0.0 4.394356e-01 0.542533
0.376029 0.462609 0.459438 0.149779 0.255533 0.781693 0.274350 0.0 1.931969e-01 0.332733
0.260090 0.948435 0.793683 0.742431 0.523676 0.675152 0.473974 0.0 6.276403e-01 0.680342
0.380929 0.646836 0.504322 0.685808 0.453015 0.521815 0.443042 0.0 2.406231e-01 0.412166
0.879682 0.045044 0.851115 0.930171 0.501135 0.492388 0.565013 0.0 6.121748e-01 0.535336
0.611334 0.339482 0.530996 0.891304 0.284677 0.274358 0.317957 0.0 2.522288e-01 0.404069
0.898310 0.542204 0.938298 0.929938 0.346582 0.379480 0.351963 1.0 8.172709e-01 0.815764
0.406400 0.084644 0.417153 0.106333 0.558096 0.508168 0.616117 0.0 1.482655e-01 0.231339
0.935304 0.386977 0.624308 0.694579 0.196213 0.284093 0.226468 1.0 3.517375e-01 0.509646
0.790021 0.354368 0.252840 0.004554 0.738362 0.521408 0.756520 1.0 5.738239e-02 0.324561
0.525201 0.140350 0.745543 0.979881 0.688905 0.644166 0.734636 0.0 4.786183e-01 0.513526
0.343480 0.229544 0.183829 0.011759 0.436716 0.526714 0.478107 1.0 2.963908e-02 0.203230
0.098413 0.562739 0.264036 0.002461 0.363146 0.208681 0.367206 1.0 6.500752e-02 0.285564
0.068728 0.073370 0.676928 0.733445 0.570384 0.411288 0.627373 0.0 3.894507e-01 0.432255
0.367495 0.177150 0.668216 0.784145 0.245238 0.316739 0.298066 0.0 3.872520e-01 0.440773
0.379350 0.199590 0.240345 0.152191 0.576701 0.564393 0.619255 1.0 5.035574e-02 0.223289
0.290081 0.823403 0.101308 0.160640 0.546330 0.582285 0.511158 1.0 1.003640e-02 0.344327
0.086191 0.119833 0.682154 0.685887 0.207290 0.455651 0.268600 0.0 3.991067e-01 0.459986
0.962289 0.104023 0.729378 0.991819 0.441156 0.668735 0.497578 0.0 4.548562e-01 0.500818
0.896435 0.291489 0.226056 0.068677 0.477689 0.087094 0.511179 0.0 4.533671e-02 0.222630
0.668385 0.912019 0.390334 0.075291 0.415103 0.461462 0.371873 0.0 1.509350e-01 0.350138
0.934235 0.904050 0.805166 0.718843 0.761653 0.587747 0.710157 0.0 6.411116e-01 0.624713
0.580374 0.329180 0.578529 0.743402 0.558604 0.249621 0.586508 0.0 2.988160e-01 0.411436
0.517551 0.967499 0.760429 0.710181 0.517339 0.344904 0.465108 0.0 5.780029e-01 0.593088
0.028917 0.571656 0.824534 0.717057 1.000000 0.549221 0.985580 0.0 6.344846e-01 0.568861
0.884153 0.108570 0.574262 0.991299 0.257334 0.326828 0.318704 0.0 2.822432e-01 0.407972
0.918035 0.252739 0.703794 0.730697 0.635188 0.433242 0.668692 0.0 4.358478e-01 0.519429
0.121915 0.078078 0.882694 0.722649 0.621371 0.551975 0.676357 1.0 6.627461e-01 0.676084
0.810242 0.099475 0.658901 0.732480 0.502229 0.403183 0.559390 1.0 3.708871e-01 0.495260
0.616097 0.224740 0.830514 0.912351 0.420517 0.483433 0.463079 0.0 6.036558e-01 0.574758
0.584565 0.933765 0.570108 0.772706 0.402449 0.528300 0.358369 0.0 3.230893e-01 0.477479
0.269819 0.126881 0.027919 0.110410 0.453872 0.585891 0.509582 0.0 6.762237e-04 0.224982
0.674830 0.290718 0.777646 0.855683 0.787196 0.336892 0.811581 0.0 5.359411e-01 0.569912
0.540300 0.296933 0.498996 0.130137 0.487216 0.438108 0.518515 0.0 2.209776e-01 0.336010
0.528765 0.028005 0.347307 0.065579 0.618095 0.323091 0.681783 1.0 1.016423e-01 0.321825
0.771910 0.284532 0.356652 0.115824 0.799865 0.230713 0.826105 0.0 1.126491e-01 0.257867
0.077038 0.907460 0.993740 0.865864 0.667822 0.485063 0.619543 0.0 9.770785e-01 0.855671
0.928678 0.310061 0.364880 0.093815 0.441625 0.504174 0.474592 1.0 1.184743e-01 0.333210
0.437275 0.306689 0.106987 0.070776 0.501551 0.095619 0.532102 1.0 1.019886e-02 0.298569
0.515621 0.445323 0.280992 0.007353 0.337158 0.706490 0.355449 0.0 7.206673e-02 0.199651
0.589457 0.255053 0.451327 0.020795 0.431965 0.679422 0.471273 1.0 1.793573e-01 0.321470
0.171612 0.034204 0.648822 0.785324 0.768362 0.378988 0.826912 1.0 3.550279e-01 0.455923
0.871060 0.764952 0.141580 0.164199 0.495703 0.529462 0.468412 1.0 1.938913e-02 0.300648
0.031762 0.646732 0.081499 0.078148 0.565584 0.587137 0.552800 0.0 6.302781e-03 0.192221
0.267485 0.655458 0.280447 0.164997 0.601576 0.635121 0.585390 1.0 7.455686e-02 0.306307
0.588152 0.736128 0.325557 0.142639 0.583620 0.641269 0.558191 0.0 1.018886e-01 0.267680
0.026655 0.956680 0.100681 0.153399 0.644499 0.357069 0.590300 1.0 1.013959e-02 0.290603
0.667984 0.807164 0.698941 0.838763 0.662039 0.254373 0.625569 0.0 4.752095e-01 0.509984
0.322981 0.489896 0.445198 0.011507 0.421744 0.431306 0.430703 0.0 1.823158e-01 0.294322
0.534341 0.179203 0.383365 0.104268 0.502321 0.353504 0.550639 0.0 1.275554e-01 0.239615
0.755702 0.904532 0.671363 0.703131 0.489275 0.510399 0.446433 0.0 4.458045e-01 0.497852
0.678356 0.950530 0.111341 0.072177 0.523153 0.753295 0.473491 0.0 1.238402e-02 0.283879
0.887149 0.324863 0.898034 0.910015 0.580466 0.688004 0.607195 0.0 7.192986e-01 0.692600
0.702695 0.384652 0.509589 0.992005 0.825381 0.579729 0.838990 1.0 2.342711e-01 0.459408
0.374350 0.889658 0.002143 0.024890 0.407186 0.228577 0.369034 1.0 5.150013e-06 0.283629
0.664206 0.107647 1.000000 0.979472 0.494935 0.317488 0.550710 0.0 8.555195e-01 0.684862
0.030920 0.017599 0.043528 0.105157 0.150426 0.405243 0.225740 0.0 1.602654e-03 0.173003
0.111490 0.439899 0.807716 0.691561 0.669261 0.623964 0.679107 0.0 5.944771e-01 0.571496
0.199250 0.000000 0.119036 0.025133 0.768214 0.479706 0.829821 0.0 1.189286e-02 0.202664
0.423978 0.849599 0.573307 0.756308 0.368674 0.553784 0.335669 1.0 3.220921e-01 0.479923
0.279118 0.802883 0.294928 0.027755 0.487000 0.227352 0.456197 0.0 8.459949e-02 0.323965
0.179941 0.715168 0.362471 0.026369 0.437756 0.530436 0.419712 0.0 1.258314e-01 0.276932
0.672450 0.114710 0.260073 0.015509 0.460553 0.679184 0.517903 1.0 5.799403e-02 0.224191
0.535682 0.318289 0.224521 0.005006 0.288472 0.616307 0.323964 1.0 4.494981e-02 0.245119
0.559748 0.549705 0.547040 0.786538 0.282790 0.235262 0.288836 0.0 2.782325e-01 0.433137
0.764862 0.148821 0.102720 0.124511 0.358935 0.455634 0.412846 0.0 9.123095e-03 0.223373
0.650059 0.065795 0.433665 0.090922 0.351971 0.337103 0.415804 0.0 1.596373e-01 0.272306
0.963838 0.428059 0.183182 0.062829 0.255695 1.000000 0.279328 1.0 3.054755e-02 0.277106
0.575884 0.317378 0.791483 0.863548 0.445553 0.327248 0.477206 1.0 5.579762e-01 0.622275
0.215852 0.957978 0.060068 0.046104 0.867287 0.586680 0.805829 0.0 3.617080e-03 0.243225
0.333941 0.855506 0.795076 0.925169 0.283855 0.776905 0.252855 0.0 6.200097e-01 0.695310
0.396112 0.958578 0.911507 0.834261 0.747364 0.244104 0.690411 0.0 8.291933e-01 0.780103
0.501746 0.669200 0.640686 0.748999 0.489131 0.624315 0.475257 1.0 3.898277e-01 0.580507
0.584239 0.678635 0.950537 0.879034 0.533895 0.597602 0.518759 0.0 8.593654e-01 0.824498
0.532378 0.748785 0.669584 0.934576 0.625194 0.260178 0.598312 0.0 4.317537e-01 0.520014
0.077751 0.403718 0.604272 0.826400 0.243735 0.371364 0.268793 1.0 3.305521e-01 0.485284
0.415431 0.049541 0.052461 0.014623 0.640350 0.352059 0.698703 1.0 2.340101e-03 0.228934
0.111621 0.416533 0.319907 0.151241 0.275419 0.635297 0.298349 0.0 9.290488e-02 0.263629
0.140590 0.761650 0.790126 0.895134 0.081085 0.669459 0.065730 0.0 6.025033e-01 0.630038
0.818645 0.293701 0.896305 0.931123 0.442083 0.221429 0.476910 0.0 7.123414e-01 0.616932
0.533893 0.845874 0.245371 0.043214 0.382481 0.311171 0.348606 1.0 5.900289e-02 0.338659
0.775516 0.575723 0.006100 0.065539 0.696273 0.496641 0.688357 0.0 3.641460e-05 0.273246
0.530699 0.048652 0.275456 0.039247 0.499173 0.545060 0.563535 0.0 6.421385e-02 0.225750
0.904286 0.095780 0.506531 0.855888 0.517788 0.405046 0.574206 0.0 2.190570e-01 0.355790
0.765451 0.397740 0.763625 0.916291 0.660045 0.217307 0.675158 0.0 5.272415e-01 0.587298
0.231995 0.797208 0.005204 0.025913 0.530943 0.277344 0.501019 0.0 2.777538e-05 0.226882
0.792884 0.468510 0.768604 0.755460 0.679144 0.654126 0.683809 0.0 5.411387e-01 0.565033
0.774842 0.774026 0.891773 0.772334 0.387925 0.546955 0.364459 0.0 7.691116e-01 0.677538
0.587634 0.865285 0.557075 0.786102 0.643663 0.339998 0.600466 0.0 3.049310e-01 0.464323
0.375411 0.043324 0.719561 0.815472 0.384813 0.564401 0.451583 1.0 4.374348e-01 0.481005
0.663404 0.244691 0.482840 0.117647 0.308002 0.368306 0.351124 0.0 2.048645e-01 0.330863
0.856418 0.242791 0.123151 0.005595 0.714704 0.443918 0.749112 0.0 1.334594e-02 0.135930
0.078537 0.727728 0.650832 0.812068 0.284704 0.576781 0.269301 1.0 4.064210e-01 0.601904
0.520688 0.733031 0.417185 0.026246 0.610824 0.809553 0.584138 0.0 1.671885e-01 0.323970
0.381561 0.163611 0.780548 0.793389 0.351411 0.550581 0.404687 0.0 5.269812e-01 0.530137
0.717368 0.081675 0.581125 0.978030 0.515491 0.219343 0.574168 1.0 2.875065e-01 0.445482
0.151005 0.446721 0.357963 0.028126 0.432293 0.531610 0.447599 0.0 1.169602e-01 0.286507
0.003974 0.189221 0.429150 0.100049 0.590328 0.268480 0.632028 0.0 1.601383e-01 0.327432
0.488749 0.777494 0.373134 0.157185 0.540215 0.054658 0.510461 1.0 1.347934e-01 0.375447
0.480094 0.449767 0.553010 0.799777 0.138368 0.343603 0.162514 0.0 2.792180e-01 0.428711
0.260014 0.368877 0.463980 0.121006 0.207744 0.335892 0.237538 0.0 1.936550e-01 0.347437
0.340228 0.727578 0.780491 0.907642 0.779332 0.416657 0.750528 1.0 5.844270e-01 0.643391
0.153590 0.253714 0.604934 0.970251 0.325343 0.418039 0.367998 1.0 3.220843e-01 0.474332
0.811657 0.307235 0.862069 0.749195 0.522952 0.364276 0.552737 1.0 6.606545e-01 0.707999
0.905483 0.383629 0.978638 0.823108 0.269772 0.487382 0.296387 1.0 8.636166e-01 0.822180
0.246855 0.218495 0.056875 0.044560 0.504057 0.519008 0.545133 0.0 2.841270e-03 0.213643
0.841598 0.839616 0.845431 0.680234 0.255055 0.616221 0.225675 0.0 6.991140e-01 0.704182
0.382413 0.878182 0.583750 0.769828 0.456895 0.278545 0.418828 1.0 3.355607e-01 0.491910
0.076130 0.725738 0.924366 0.957487 0.101574 0.457980 0.090024 0.0 8.194410e-01 0.814580
0.108869 0.195662 0.747585 0.779765 0.689082 0.476023 0.727582 0.0 4.864196e-01 0.548923
0.889181 0.413774 0.183367 0.021442 0.349813 0.258125 0.371350 1.0 3.052868e-02 0.279810
0.351656 0.068294 0.589281 0.748835 0.608700 0.579204 0.667388 0.0 2.948540e-01 0.392953
0.044427 0.271999 0.868665 0.722798 0.649891 0.380656 0.679712 0.0 6.663488e-01 0.572275
0.019723 0.676466 0.355272 0.092858 0.520558 0.188362 0.503182 1.0 1.200659e-01 0.341722
0.580809 0.265973 0.497955 0.110071 0.649543 0.251220 0.681552 0.0 2.187715e-01 0.334560
0.311823 0.024092 0.544843 0.757466 0.166035 0.358617 0.241983 0.0 2.498734e-01 0.363850
1.000000 0.008522 0.560560 0.771690 0.313927 0.329461 0.386948 0.0 2.636733e-01 0.370171
0.560080 0.963849 0.973877 0.859184 0.354242 0.225121 0.308165 0.0 9.473689e-01 0.881097
0.448794 0.844744 0.228714 0.094007 0.579611 0.454507 0.542456 0.0 5.125845e-02 0.267204
0.442731 0.315139 0.744944 0.820229 0.390283 0.353246 0.421569 1.0 4.940904e-01 0.579516
0.138950 0.618482 0.113220 0.031984 0.904582 0.452113 0.884472 0.0 1.209078e-02 0.186443
0.168886 0.814902 0.902778 0.911029 0.556916 0.720903 0.523627 0.0 7.937852e-01 0.766765
0.129251 0.881274 0.792243 0.918690 0.569629 0.587605 0.527435 0.0 6.183082e-01 0.648034
0.641163 0.100109 0.513751 0.793601 0.599042 0.486634 0.651658 1.0 2.255356e-01 0.406684
0.812442 0.185124 0.909947 0.903055 0.787815 0.373356 0.827337 1.0 7.191350e-01 0.650245
0.006805 0.158783 0.606428 0.804917 0.384257 0.275329 0.436769 0.0 3.178301e-01 0.416857
0.263554 0.150266 0.787716 0.907032 0.605868 0.278292 0.653633 0.0 5.353169e-01 0.571578
0.541070 0.095753 0.396894 0.155805 0.691035 0.666789 0.741765 1.0 1.345118e-01 0.315811
0.279330 0.791778 0.093589 0.153627 0.484468 0.675832 0.454713 0.0 8.520881e-03 0.228285
0.846676 0.982547 0.042636 0.074795 0.616822 0.419072 0.558979 0.0 1.833465e-03 0.244670
0.000630 0.564412 0.691494 0.999375 0.560309 0.324054 0.558100 0.0 4.457035e-01 0.557600
0.338400 0.161215 0.967016 0.939759 0.710061 0.621484 0.754895 0.0 8.084082e-01 0.650961
0.515742 0.034176 0.676449 0.730333 0.333432 0.436386 0.403147 1.0 3.858968e-01 0.482489
0.326173 0.967845 0.845503 0.969651 0.572003 0.320780 0.517618 1.0 7.145809e-01 0.766972
0.374231 0.031045 0.933818 0.821820 0.547034 0.175955 0.610461 0.0 7.348594e-01 0.629225
0.698870 0.441938 0.750147 0.799489 0.598600 0.806504 0.608685 0.0 5.129632e-01 0.527237
0.451229 0.786955 0.776545 0.993265 0.560395 0.592064 0.530541 0.0 5.845287e-01 0.700576
0.224478 0.309663 0.800544 0.707910 0.325613 0.401166 0.362046 0.0 5.699950e-01 0.569860
0.202063 0.018875 0.777729 0.871349 0.574299 0.327320 0.637995 1.0 5.085249e-01 0.614513
0.164125 0.324022 0.563915 0.675571 0.333874 0.825119 0.365560 0.0 2.836395e-01 0.404645
0.724296 0.093905 0.457977 0.117245 0.533594 0.636355 0.591495 0.0 1.790191e-01 0.242359
0.328572 0.091105 0.903469 0.813672 0.333847 0.412352 0.394985 0.0 6.960844e-01 0.570612
0.464796 0.626524 0.068360 0.034069 0.576987 0.544688 0.567189 1.0 4.421505e-03 0.311022
0.263045 0.419745 0.938321 0.973481 0.393620 0.377531 0.414442 0.0 7.992586e-01 0.766006
0.857228 0.265479 0.362516 0.139257 0.499624 0.301133 0.535878 0.0 1.159632e-01 0.242086
0.250172 0.537535 0.365720 0.109932 0.707422 0.418906 0.704940 0.0 1.241164e-01 0.271387
0.367921 0.920290 0.512332 0.847939 0.490477 0.607925 0.444047 0.0 2.603448e-01 0.449746
0.026569 0.899005 0.631294 0.853149 0.606715 0.434497 0.562002 0.0 3.938207e-01 0.578858
0.171222 0.782774 0.718976 0.749655 0.382462 0.435515 0.356279 0.0 5.007269e-01 0.577999
0.439798 0.877215 0.185619 0.045510 0.358371 0.472237 0.322475 1.0 3.395944e-02 0.345776
0.454194 0.821741 0.482233 0.016292 0.444666 0.471548 0.411497 0.0 2.268237e-01 0.380269
0.506936 0.538815 0.871163 0.898959 0.683083 0.393955 0.679125 0.0 7.040898e-01 0.716632
0.907150 0.762491 0.035579 0.040533 0.306873 0.459996 0.285206 1.0 1.231492e-03 0.323502
0.772517 0.209254 0.734421 0.782609 0.428619 0.392657 0.474022 0.0 4.706711e-01 0.474160
0.174152 0.958760 0.902616 0.712174 0.761132 0.399666 0.705017 1.0 8.131240e-01 0.788290
0.844301 0.659486 0.673988 0.954644 0.420777 0.456762 0.409110 1.0 4.306588e-01 0.546543
0.324681 0.709551 0.254166 0.074666 0.288414 0.546244 0.274925 1.0 6.182998e-02 0.349999
0.946554 0.354545 0.733482 0.693944 0.342043 0.537171 0.372697 0.0 4.825564e-01 0.523826
0.925951 0.331094 0.044179 0.040373 0.823481 0.347554 0.843192 1.0 1.753918e-03 0.292365
0.218054 0.007573 0.526514 0.957231 0.301427 0.298601 0.373880 1.0 2.325812e-01 0.416020
0.217487 0.806574 0.374232 0.141680 0.432410 0.447900 0.403899 0.0 1.362697e-01 0.346388
0.817751 0.075064 0.971630 0.971907 0.548231 0.497456 0.605376 0.0 8.025234e-01 0.668851
0.533856 0.719045 0.735047 0.993581 0.324275 0.809116 0.308971 1.0 5.175926e-01 0.581186
0.274304 0.505363 0.313347 0.029052 0.512797 0.166872 0.519549 0.0 9.059673e-02 0.288295
0.482196 0.420140 0.428708 0.101388 0.610953 0.333317 0.623462 0.0 1.669175e-01 0.292750
0.930117 0.511540 0.232231 0.000000 0.543845 0.287989 0.549304 0.0 4.983467e-02 0.286925
0.927138 0.072894 0.490230 0.091666 0.484669 0.465120 0.543735 0.0 2.042673e-01 0.328602
0.714160 0.863272 0.853653 0.794546 0.395326 0.461942 0.359897 0.0 7.156619e-01 0.688955
0.972344 0.158689 0.188793 0.153016 0.506843 0.521009 0.557461 0.0 3.083661e-02 0.149664
0.411177 0.974546 0.789486 0.684472 0.546000 0.392106 0.493376 0.0 6.237462e-01 0.662887
0.626672 0.586397 0.325372 0.155538 0.189233 0.487276 0.194484 0.0 9.911712e-02 0.257450
0.797291 0.158115 0.693230 0.818993 0.451465 0.345877 0.501372 0.0 4.152495e-01 0.443067
0.563359 0.483665 0.734735 0.704829 0.631620 0.249459 0.637963 0.0 4.958764e-01 0.556594
0.072445 0.096379 0.928759 0.676681 0.503318 0.317948 0.561177 0.0 7.363540e-01 0.614576
0.184206 0.088522 0.881906 0.938368 0.525989 0.433492 0.584701 1.0 6.629234e-01 0.695932
0.041676 0.057907 0.346510 0.047062 0.411234 0.387701 0.475401 0.0 1.017783e-01 0.233415
0.298650 0.324897 0.336063 0.090710 0.490694 0.482359 0.519899 1.0 1.007872e-01 0.279816
0.552246 0.340631 0.674214 0.746999 0.294823 0.310823 0.326809 0.0 4.066774e-01 0.477631
0.531525 0.211227 0.503507 0.829347 0.520507 0.403900 0.563459 0.0 2.213514e-01 0.378432
0.006970 0.066204 0.110776 0.014339 0.614821 0.532631 0.674048 0.0 1.043776e-02 0.168935
0.678086 0.153479 0.917325 0.836690 0.409023 0.569934 0.460866 0.0 7.263836e-01 0.684984
0.519457 0.160333 0.968002 1.000000 0.422666 0.439223 0.474368 0.0 8.099181e-01 0.669986
0.857689 0.297615 0.768542 0.872846 0.546872 0.858668 0.576150 0.0 5.241509e-01 0.595120
0.685634 0.174114 0.905245 0.824983 0.556927 0.468904 0.604016 0.0 7.102126e-01 0.595269
0.689482 0.737469 0.621613 0.952366 0.480597 0.435416 0.457942 0.0 3.713859e-01 0.478229
0.141042 0.193254 0.780549 0.993026 0.436044 0.543211 0.484128 0.0 5.300067e-01 0.548492
0.161181 0.303129 0.187233 0.033205 0.424382 0.639414 0.458490 1.0 3.117831e-02 0.274918
0.452133 0.476661 0.037459 0.030883 0.657144 0.721642 0.662831 0.0 1.296866e-03 0.222030
0.141931 0.585227 0.317582 0.065111 0.445213 0.512304 0.444176 0.0 9.441027e-02 0.287794
0.898084 0.360513 0.922086 0.822630 0.377955 0.826315 0.404892 0.0 7.634124e-01 0.682322
0.570609 0.349439 0.393316 0.137374 0.402018 0.609917 0.430122 0.0 1.386718e-01 0.276531
0.949933 0.347300 0.742029 0.793769 0.648820 0.666344 0.670338 0.0 4.931980e-01 0.528852
0.117576 0.637858 0.001831 0.044096 0.448650 0.465299 0.439538 1.0 3.673553e-06 0.311830
0.961352 0.876143 0.668472 0.857816 0.217443 0.537774 0.185320 0.0 4.398500e-01 0.577424
0.251953 0.504805 0.468756 0.036360 0.306573 0.378816 0.318860 1.0 2.026631e-01 0.379477
0.673962 0.394148 0.161434 0.132333 0.781134 0.480176 0.792440 0.0 2.358168e-02 0.196248
0.418378 0.727232 0.302414 0.015890 0.256243 0.255672 0.241530 0.0 8.778700e-02 0.249527
0.623494 0.056710 0.550165 0.680952 0.386624 0.662541 0.451042 1.0 2.564304e-01 0.412623
0.578579 0.114486 0.644006 0.728004 0.078955 0.544947 0.146377 0.0 3.553537e-01 0.427025
0.176356 0.853698 0.157760 0.074481 0.280800 0.286718 0.247901 0.0 2.443947e-02 0.244692
0.201417 0.724725 0.918861 0.928056 0.828653 0.638913 0.797159 0.0 8.095684e-01 0.744610
0.155450 0.371297 0.763825 0.791494 0.835563 0.339699 0.850516 0.0 5.249358e-01 0.593771
0.928106 0.735328 0.159981 0.089548 0.318763 0.480442 0.299428 0.0 2.462364e-02 0.258369
0.755613 0.122725 0.896263 0.827627 0.361886 0.226370 0.420954 0.0 6.892787e-01 0.580980
0.140178 0.762399 0.946001 0.953886 0.570330 0.723718 0.543762 0.0 8.637350e-01 0.806580
0.152128 0.493597 0.537250 0.802078 0.619642 0.335849 0.623289 1.0 2.656528e-01 0.440677
0.035688 0.607668 0.114594 0.061524 0.571818 0.532447 0.561659 1.0 1.236184e-02 0.322093
0.614007 0.789551 0.496523 0.119980 0.602727 0.635088 0.570601 0.0 2.391326e-01 0.385366
0.670612 0.005534 0.350148 0.070022 0.438815 0.351376 0.510273 1.0 1.028501e-01 0.289964
0.984172 0.554991 0.293414 0.133093 0.191029 0.290155 0.200503 1.0 8.015775e-02 0.322341
0.169079 0.098792 0.595447 0.977450 0.579472 0.599534 0.632888 1.0 3.028650e-01 0.454949
0.239208 0.554203 0.582849 0.855609 0.248835 0.446346 0.256216 0.0 3.160955e-01 0.445140
0.810274 0.215604 0.894246 0.903996 0.611584 0.357326 0.649728 0.0 6.986159e-01 0.650437
0.090232 0.248583 0.277747 0.093052 0.444072 0.572400 0.484960 0.0 6.786997e-02 0.257735
0.631389 0.846322 0.312888 0.053783 0.506187 0.373713 0.469787 0.0 9.592340e-02 0.339338
0.403812 0.008450 0.934167 0.765320 0.460681 0.429017 0.528909 0.0 7.321064e-01 0.693502
0.295153 0.544537 0.173591 0.137796 0.424654 0.252647 0.427602 0.0 2.802337e-02 0.300145
0.788305 0.610099 0.523300 0.710341 0.278041 0.415501 0.276650 1.0 2.573828e-01 0.490396
0.297121 0.647910 0.312986 0.135096 0.662858 0.672925 0.647607 0.0 9.272744e-02 0.285969
0.953412 0.238019 0.393802 0.149908 0.244697 0.742226 0.290817 1.0 1.361207e-01 0.296369
0.655177 0.412132 0.656134 0.715936 0.669289 0.542898 0.683809 1.0 3.903180e-01 0.519728
0.995037 0.787207 0.361878 0.011082 0.569762 0.277954 0.540004 1.0 1.269999e-01 0.352060
0.393416 0.530861 0.126943 0.148417 0.640726 0.578299 0.641277 0.0 1.495824e-02 0.182212
0.779190 0.515981 0.010694 0.119486 0.672990 0.497513 0.673600 0.0 1.085332e-04 0.241883
0.767972 0.025138 0.036391 0.019956 0.449286 0.297529 0.515780 0.0 1.123351e-03 0.163473
0.318223 0.812662 0.111640 0.040177 0.618932 0.458614 0.584034 0.0 1.216230e-02 0.224635
0.817263 0.965371 0.599354 0.962895 0.601316 0.165395 0.548415 1.0 3.589803e-01 0.629536
0.254042 0.429367 0.742545 0.893001 0.692387 0.435165 0.701955 1.0 5.014603e-01 0.545640
0.888951 0.712206 0.807205 0.965713 0.489430 0.439667 0.468593 1.0 6.234337e-01 0.729813
0.006010 0.824852 0.321964 0.147565 0.605003 0.421661 0.568424 1.0 1.011933e-01 0.356817
0.178727 0.133043 0.652521 0.804221 0.580155 0.322113 0.630123 0.0 3.661339e-01 0.456680
0.354161 1.000000 0.891253 0.715827 0.467744 0.588887 0.414093 0.0 7.982681e-01 0.800058
0.712579 0.044865 0.376785 0.090531 0.369627 0.353692 0.437355 1.0 1.200219e-01 0.287460
0.948422 0.124846 0.152967 0.070046 0.531647 0.552056 0.585658 1.0 2.011824e-02 0.239041
0.932890 0.790319 0.393653 0.034161 0.344671 0.675034 0.320679 0.0 1.503528e-01 0.326066
0.974155 0.950709 0.716325 0.700725 0.645259 0.235426 0.591183 0.0 5.114702e-01 0.535309
0.033923 0.060269 0.261921 0.059744 0.546130 0.500287 0.606837 0.0 5.819473e-02 0.200396
0.568796 0.820160 0.671895 0.976366 0.640151 0.420382 0.603119 0.0 4.401338e-01 0.564729
0.548857 0.449965 0.083717 0.025828 0.351573 0.352609 0.368758 0.0 6.418231e-03 0.176369
0.389277 0.308075 0.728448 0.873587 0.259224 0.288767 0.295809 0.0 4.718281e-01 0.544646
0.926073 0.648862 0.627859 0.885505 0.609241 0.362560 0.594800 0.0 3.730367e-01 0.468719
0.368663 0.049319 0.795637 0.768067 0.395318 0.464402 0.462838 1.0 5.354347e-01 0.585337
0.089007 0.777968 0.728513 0.971713 0.596204 0.370564 0.566807 0.0 5.136689e-01 0.657697
0.764920 0.229352 0.821554 0.922638 0.451255 0.336894 0.493943 1.0 5.912244e-01 0.599798
0.706754 0.441739 0.311472 0.079322 0.459256 0.153790 0.473790 0.0 8.848176e-02 0.260968
0.554190 0.799006 0.131823 0.034483 0.220060 0.517824 0.196593 0.0 1.691078e-02 0.226963
0.502387 0.849925 0.767019 0.846049 0.638960 0.344397 0.598076 0.0 5.764815e-01 0.651792
0.221579 0.236837 0.309174 0.128545 0.565695 0.840734 0.602746 1.0 8.390057e-02 0.289295
0.108688 0.048717 0.396911 0.095963 0.695578 0.451155 0.753567 0.0 1.332822e-01 0.230501
0.602827 0.843656 0.235198 0.112128 0.347495 0.374796 0.313854 1.0 5.419392e-02 0.332190
0.179823 0.922104 0.731242 0.753778 0.341842 0.465862 0.301474 1.0 5.304289e-01 0.706482
0.252621 0.199297 0.245336 0.066638 0.533961 0.341848 0.577973 1.0 5.246448e-02 0.311705
0.507580 0.919795 0.987129 0.707152 0.411229 0.249474 0.369239 0.0 9.661358e-01 0.834867
0.976235 0.772059 0.362778 0.009975 0.432014 0.332129 0.407049 0.0 1.272983e-01 0.311176
0.852479 0.727633 0.104259 0.030633 0.578318 0.673064 0.555656 1.0 1.045413e-02 0.276653
0.678358 0.950286 0.516070 0.810978 0.444065 0.203548 0.395269 0.0 2.654949e-01 0.454736
0.539640 0.314488 0.541404 0.959530 0.378394 0.560496 0.412361 0.0 2.609844e-01 0.414112
0.160260 0.542770 0.820019 0.986571 0.642821 0.693625 0.639163 0.0 6.243036e-01 0.653382
0.199825 0.718766 0.717328 0.680781 0.527944 0.618586 0.507472 0.0 4.929198e-01 0.551650
0.739300 0.224835 0.403449 0.044106 0.373355 0.483089 0.419043 0.0 1.425090e-01 0.264728
0.646631 0.885902 0.985695 0.747491 0.446534 0.252581 0.407911 0.0 9.578169e-01 0.856936
0.798404 0.262954 0.502055 0.855951 0.140502 0.389054 0.185366 0.0 2.222608e-01 0.383762
0.008416 0.036880 0.734698 0.887027 0.573705 0.506374 0.636232 0.0 4.554469e-01 0.459341
0.263892 0.693819 0.121060 0.128253 0.648476 0.235480 0.626114 1.0 1.400629e-02 0.272425
0.809995 0.444480 0.616604 0.985662 0.474779 0.160651 0.489708 0.0 3.467725e-01 0.455522
0.829950 0.750880 0.605770 0.680104 0.304791 0.353848 0.286408 0.0 3.535252e-01 0.509404
0.591415 0.495464 0.484574 0.025989 0.437085 0.292909 0.446517 1.0 2.161996e-01 0.386846
0.366018 0.787162 0.338060 0.003715 0.490851 0.387643 0.461582 0.0 1.108383e-01 0.283284
0.741883 0.387124 0.143149 0.136157 0.539220 0.215820 0.558400 1.0 1.852241e-02 0.287259
0.800103 0.695085 0.055659 0.077063 0.530799 0.594593 0.512578 0.0 2.969741e-03 0.204017
0.893785 0.418888 0.838492 0.672484 0.291969 0.294101 0.315721 0.0 6.381609e-01 0.667637
0.713563 0.042009 0.668310 0.691833 0.456163 0.585314 0.519996 0.0 3.772549e-01 0.442115
0.062201 0.849381 0.593982 0.964313 0.680990 0.425279 0.640489 0.0 3.457226e-01 0.533614
0.441432 0.885604 0.921479 0.889827 0.724636 0.339313 0.677049 0.0 8.370587e-01 0.830804
0.692687 0.997614 0.866136 0.823203 0.382478 0.457821 0.330338 0.0 7.536161e-01 0.768326
0.852851 0.440623 0.959950 0.773180 0.651967 0.516123 0.663313 0.0 8.397460e-01 0.757511
0.092666 0.645592 0.221249 0.029032 0.421577 0.414417 0.410905 0.0 4.633547e-02 0.252218
0.140868 0.087752 0.115851 0.075384 0.176145 0.763560 0.242022 0.0 1.146329e-02 0.145069
0.451050 0.513382 0.627620 0.992205 0.590084 0.396749 0.591453 0.0 3.638161e-01 0.459925
0.598964 0.551145 0.355053 0.155972 0.558138 0.722824 0.557923 1.0 1.172718e-01 0.332780
0.888147 0.203100 0.269697 0.134325 0.701074 0.293469 0.741063 0.0 6.344045e-02 0.284486
0.019043 0.581225 0.749694 0.705404 0.469804 0.452914 0.466709 1.0 5.254509e-01 0.674217
0.418399 0.411074 0.108241 0.062872 0.478224 0.442732 0.496563 0.0 1.064430e-02 0.179949
0.580173 0.106469 0.886565 0.977334 0.652099 0.457172 0.702737 0.0 6.723058e-01 0.679368
0.548495 0.666498 0.668315 0.747836 0.540353 0.555309 0.526442 0.0 4.239655e-01 0.489535
0.512207 0.251860 0.414791 0.084703 0.424901 0.383338 0.464785 1.0 1.514103e-01 0.306358
0.725412 0.068576 0.275015 0.033026 0.455332 0.549510 0.517606 0.0 6.426094e-02 0.240908
0.770816 0.397818 0.256582 0.105564 0.362354 0.225809 0.385092 0.0 5.957175e-02 0.287258
0.338915 0.906281 0.539075 0.948292 0.359145 0.670809 0.320341 0.0 2.875440e-01 0.508685
0.477625 0.364071 0.347838 0.086888 0.306680 0.700907 0.336599 1.0 1.087648e-01 0.298660
0.571625 0.799769 0.360054 0.108757 0.562976 0.388535 0.531731 1.0 1.259963e-01 0.370444
0.213651 0.511429 0.784917 0.884929 0.245359 0.500381 0.256813 0.0 5.687763e-01 0.543425
0.095145 0.412248 0.873256 0.780854 0.373862 0.257996 0.395710 1.0 6.913164e-01 0.630274
0.302553 0.113082 0.737726 0.745187 0.461709 0.381328 0.518228 0.0 4.661514e-01 0.505877
0.843569 0.073555 0.335015 0.145693 0.515675 0.330594 0.576934 0.0 9.543461e-02 0.271201
0.149753 0.367069 0.083034 0.080140 0.093225 0.286124 0.126654 0.0 6.218083e-03 0.249959
0.434816 0.536879 0.262404 0.080242 0.395778 0.527352 0.401393 0.0 6.390840e-02 0.261893
0.109169 0.695764 0.070113 0.058417 0.661333 0.600741 0.638256 0.0 4.707911e-03 0.229015
0.498897 0.011288 0.786037 0.672756 0.575376 0.817400 0.641605 0.0 5.186603e-01 0.496935
0.564622 0.752483 0.827849 0.910328 0.542050 0.519045 0.516653 1.0 6.603447e-01 0.682971
0.642204 0.982572 0.557300 0.970455 0.475957 0.207280 0.423097 0.0 3.112772e-01 0.506432
0.831032 0.668848 0.994332 0.841198 0.681595 0.272689 0.662779 1.0 9.387455e-01 0.859472
0.716096 0.911353 0.068280 0.070026 0.469028 0.216405 0.425241 1.0 4.634478e-03 0.312820
0.505202 0.705349 0.109191 0.034572 0.379415 0.382416 0.362228 0.0 1.142050e-02 0.249117
0.683368 0.767256 0.806763 0.984185 0.627476 0.599682 0.595990 0.0 6.287501e-01 0.607816
0.656201 0.948703 0.033719 0.146217 0.707161 0.497123 0.652054 0.0 1.142359e-03 0.240964
0.356540 0.014795 0.047660 0.016690 0.394175 0.695728 0.464931 0.0 1.919230e-03 0.100000
0.352205 0.371531 0.282499 0.092217 0.445635 0.290270 0.469474 0.0 7.185493e-02 0.285692
0.690727 0.063738 0.752017 0.876565 0.780470 0.433718 0.833222 0.0 4.797107e-01 0.496277
0.982504 0.854962 0.508027 0.667730 0.374842 0.458798 0.340314 1.0 2.531654e-01 0.494171
0.604893 0.966534 0.210661 0.114931 0.703914 0.217762 0.646254 0.0 4.439654e-02 0.300914
0.670697 0.729874 0.540942 0.778230 0.410984 0.221854 0.392715 0.0 2.808936e-01 0.429300
0.002524 0.157353 0.272014 0.116786 0.416720 0.680237 0.468324 0.0 6.396722e-02 0.221948
0.604573 0.332068 0.441469 0.021405 0.537315 0.753851 0.563783 0.0 1.741235e-01 0.303066
0.561120 0.076741 0.393564 0.108179 0.300931 0.548539 0.364541 1.0 1.317719e-01 0.316176
0.962373 0.697399 0.402123 0.053275 0.662017 0.413626 0.639157 1.0 1.543737e-01 0.368349
0.872131 0.969998 0.009664 0.103869 0.422057 0.625405 0.372442 0.0 9.620117e-05 0.215564
0.846381 0.252270 0.577527 0.843309 0.512096 0.573624 0.550439 1.0 2.934868e-01 0.465428
0.628026 0.950408 0.027088 0.027103 0.616631 0.515620 0.563041 0.0 7.390034e-04 0.285311
0.863374 0.687983 0.369262 0.140099 0.601617 0.466897 0.581694 1.0 1.299672e-01 0.369651
0.472226 0.819993 0.010724 0.018996 0.437175 0.231245 0.406562 1.0 1.151362e-04 0.279721
0.551665 0.998598 0.207654 0.123710 0.404017 0.904847 0.350273 1.0 4.337087e-02 0.357064
0.975856 0.403770 0.128795 0.123459 0.324777 0.356253 0.346895 0.0 1.504379e-02 0.247858
0.973869 0.106641 0.490194 0.009781 0.589242 0.684847 0.644195 0.0 2.055954e-01 0.328640
0.270399 0.934495 0.875057 0.962843 0.496581 0.700131 0.449864 0.0 7.611256e-01 0.702393
0.481402 0.771409 0.636863 0.710740 0.436035 0.445677 0.411228 1.0 3.921320e-01 0.514062
0.434815 0.283742 0.823061 0.916578 0.803473 0.593313 0.830534 0.0 5.995635e-01 0.653881
0.964661 0.347716 0.847427 0.924537 0.826981 0.460041 0.844184 1.0 6.432738e-01 0.668588
0.828551 0.208757 0.269645 0.142297 0.478986 0.374347 0.521642 0.0 6.348486e-02 0.210935
0.190720 0.025300 0.011834 0.084461 0.548943 0.093935 0.615292 1.0 1.207630e-04 0.218810
0.554814 0.086730 0.430868 0.136403 0.313674 0.497548 0.378405 0.0 1.582361e-01 0.226206
0.838821 0.715910 0.959936 0.813837 0.410808 0.443875 0.392984 0.0 8.821924e-01 0.756487
0.135307 0.192858 0.483645 0.126314 0.555579 0.522167 0.597807 1.0 2.035176e-01 0.353666
0.146572 0.026902 0.626136 0.750016 0.705622 0.532044 0.764676 0.0 3.301611e-01 0.405441
0.590203 0.168619 0.007161 0.024852 0.413953 0.200239 0.463824 0.0 4.620012e-05 0.161119
0.361984 0.157671 0.043962 0.115007 0.674025 0.620826 0.717881 0.0 1.680287e-03 0.145007
0.006780 0.880632 0.279004 0.099557 0.591893 0.413510 0.548145 1.0 7.672856e-02 0.334967
0.976199 0.552357 0.623191 0.733901 0.617144 0.548995 0.613359 1.0 3.612349e-01 0.497714
0.662399 0.262314 0.561388 0.739626 0.761699 0.736943 0.791574 1.0 2.778470e-01 0.468577
0.080487 0.584157 0.530492 0.865989 0.685220 0.556475 0.676938 0.0 2.632816e-01 0.421822
0.339073 0.589471 0.837572 0.970579 0.774575 0.386992 0.762627 1.0 6.567985e-01 0.776744
0.886147 0.688322 0.888671 0.816200 0.329080 0.359870 0.315301 1.0 7.524387e-01 0.714013
0.407294 0.230114 0.357690 0.007991 0.120937 0.538212 0.171478 0.0 1.121397e-01 0.306320
0.972764 0.252423 0.528020 0.809494 0.414245 0.348490 0.455663 0.0 2.453457e-01 0.390715
0.893693 0.371368 0.756298 0.796512 0.647642 0.585837 0.666227 0.0 5.146486e-01 0.546414
0.852407 0.357669 0.806038 0.916766 0.344406 0.570581 0.371722 0.0 5.830652e-01 0.583563
0.327209 0.344765 0.147930 0.156553 0.338012 0.692015 0.367941 0.0 1.962342e-02 0.253535
0.451350 0.237512 0.385871 0.096635 0.292288 0.680414 0.336922 1.0 1.306825e-01 0.338015
0.311928 0.461224 0.788898 0.801590 0.408043 0.595559 0.423082 1.0 5.693274e-01 0.624720
0.662390 0.080836 0.272259 0.148109 0.441037 0.374590 0.501923 0.0 6.313207e-02 0.210557
0.450807 0.271999 0.518274 0.691644 0.446868 0.205647 0.483824 0.0 2.372554e-01 0.367195
0.732978 0.517208 0.548745 0.781032 0.437412 0.633903 0.442899 0.0 2.783299e-01 0.418707
0.165223 0.006557 0.596228 0.686331 0.306852 0.471955 0.379081 0.0 2.981699e-01 0.381185
0.329482 0.330503 0.530922 0.880819 0.614291 0.589457 0.637824 0.0 2.517347e-01 0.401363
0.520766 0.571058 0.468297 0.061428 0.348764 0.378448 0.349865 0.0 2.046997e-01 0.340276
0.777010 0.749331 0.677107 0.814979 0.589577 0.496193 0.563685 0.0 4.415503e-01 0.562495
0.178211 0.990970 0.510138 0.709467 0.631069 0.533602 0.572680 0.0 2.612010e-01 0.481726
0.229801 0.757554 0.691201 0.739612 0.656348 0.464506 0.626579 0.0 4.607765e-01 0.540452
0.536275 0.954467 0.358330 0.006731 0.431158 0.477934 0.383705 0.0 1.281208e-01 0.354476
0.645837 0.054867 0.668321 0.699478 0.474558 0.270205 0.536458 0.0 3.782291e-01 0.447570
0.060488 0.097071 0.968147 0.830040 0.587598 0.515778 0.643363 1.0 8.002330e-01 0.696243
0.714942 0.492009 0.934926 0.954076 0.541205 0.610846 0.549293 0.0 8.040622e-01 0.729927
0.832569 0.842910 0.114404 0.132037 0.110106 0.079676 0.084407 0.0 1.283750e-02 0.242066
0.542962 0.333197 0.207836 0.048073 0.475887 0.359408 0.504967 0.0 3.862940e-02 0.175358
0.271444 0.093567 0.993669 0.968088 0.377718 0.297550 0.438346 1.0 8.423949e-01 0.746729
0.418009 0.579301 0.328039 0.007184 0.511348 0.499982 0.508171 0.0 1.006198e-01 0.297187
0.633074 0.665284 0.029565 0.009091 0.509169 0.427860 0.494488 0.0 8.374092e-04 0.279119
0.193621 0.940497 0.897805 0.689411 0.440813 0.433991 0.393886 1.0 8.020147e-01 0.798698
0.636422 0.629408 0.751885 0.701456 0.784574 0.139036 0.767613 0.0 5.330877e-01 0.584296
0.672728 0.531435 0.350838 0.123314 0.434665 0.497340 0.439773 0.0 1.140986e-01 0.327251
0.709012 0.187511 0.610323 0.851660 0.707645 0.468665 0.746790 0.0 3.237171e-01 0.429874
0.830435 0.983560 0.745561 0.983603 0.388273 0.254532 0.336720 0.0 5.571207e-01 0.641723
0.574830 0.413345 0.191825 0.115339 0.649791 0.505493 0.664479 0.0 3.340492e-02 0.265934
0.483688 0.926780 0.453958 0.108633 0.383313 0.342411 0.340638 0.0 2.046377e-01 0.369268
0.769097 0.719420 0.108754 0.096238 0.445005 0.734033 0.424642 0.0 1.135737e-02 0.195934
0.878763 0.459587 0.095792 0.157081 0.337867 0.419230 0.354932 0.0 8.414293e-03 0.186831
0.524110 0.881507 0.044239 0.059555 0.581353 0.533198 0.538797 0.0 1.940144e-03 0.224234
0.249483 0.098943 0.124863 0.063774 0.404490 0.748419 0.462925 0.0 1.334285e-02 0.254414
0.139200 0.652700 0.619412 0.756872 0.373264 0.387652 0.363801 0.0 3.633154e-01 0.453178
0.854143 0.443532 0.828275 0.957012 0.069912 0.445449 0.093708 1.0 6.255365e-01 0.733068
0.529711 0.916417 0.427423 0.044259 0.534661 0.549444 0.489875 0.0 1.811039e-01 0.374449
0.102286 0.920056 0.371277 0.081830 0.403716 0.336947 0.360433 0.0 1.367476e-01 0.323596
0.571056 0.401316 0.693137 0.937958 0.566427 0.519447 0.585184 1.0 4.347035e-01 0.536165
0.993797 0.551486 0.528345 0.812685 0.548265 0.496205 0.547149 0.0 2.596278e-01 0.419089
0.781815 0.597613 0.908130 0.996446 0.819532 0.602525 0.805240 0.0 7.732210e-01 0.674101
0.930813 0.767078 0.233246 0.056725 0.315767 0.740195 0.294397 1.0 5.260057e-02 0.304879
0.832151 0.359402 0.220273 0.108789 0.656971 0.487744 0.677501 0.0 4.360040e-02 0.243470
0.838149 0.760968 0.509065 0.971919 0.538801 0.460761 0.511357 1.0 2.501214e-01 0.463670
0.168210 0.291613 0.961690 0.955964 0.577947 0.408780 0.607764 1.0 8.197203e-01 0.774608
0.270457 0.145004 0.727373 0.869816 0.726551 0.177048 0.771578 1.0 4.559900e-01 0.514760
0.495639 0.378231 0.767948 0.736164 0.403073 0.440555 0.428899 0.0 5.313008e-01 0.581307
0.403494 0.822623 0.686655 0.688581 0.631314 0.892097 0.593509 0.0 4.598742e-01 0.605445
0.285769 0.524708 0.063628 0.122830 0.644588 0.405254 0.644224 0.0 3.762475e-03 0.239306
0.891811 0.522483 0.242772 0.138847 0.495379 0.246681 0.498290 0.0 5.456637e-02 0.295823
0.156082 0.937885 0.051170 0.096001 0.595892 0.388947 0.546756 0.0 2.618191e-03 0.248913
0.671636 0.821102 0.166636 0.150374 0.307109 0.245972 0.280030 0.0 2.711242e-02 0.316682
0.254870 0.792763 0.499316 0.026860 0.343171 0.361618 0.318616 0.0 2.419635e-01 0.372782
0.991912 0.598198 0.154077 0.045323 0.647489 0.302036 0.637169 1.0 2.229541e-02 0.244710
0.216924 0.429114 0.440212 0.041712 0.740432 0.331509 0.749011 1.0 1.762838e-01 0.367133
0.035597 0.477547 0.752364 0.940031 0.255722 0.477873 0.271283 0.0 5.193736e-01 0.511511
0.372345 0.746241 0.895115 0.763431 0.595655 0.330020 0.568777 0.0 7.711581e-01 0.670268
0.585374 0.693354 0.944009 0.706374 0.394260 0.104723 0.379158 1.0 8.497992e-01 0.837351
0.708001 0.512008 0.792857 0.699686 0.442367 0.502326 0.450172 0.0 5.803996e-01 0.609843
0.610795 0.044157 0.258475 0.151450 0.205296 0.438262 0.277560 0.0 5.649418e-02 0.238195
0.291498 0.776503 0.397027 0.107613 0.602671 0.306500 0.572728 1.0 1.525755e-01 0.387155
0.636779 0.660669 0.069843 0.138957 0.396850 0.508533 0.387503 0.0 4.643029e-03 0.282628
0.222490 0.743309 0.464913 0.115040 0.488870 0.503192 0.466968 0.0 2.079884e-01 0.358942
0.985248 0.418051 0.920369 0.902796 0.463668 0.361910 0.482323 0.0 7.687342e-01 0.665594
0.571283 0.598183 0.176958 0.056868 0.420133 0.563651 0.416952 0.0 2.940163e-02 0.202116
0.278625 0.119454 0.018898 0.032198 0.380627 0.179285 0.437383 0.0 3.109063e-04 0.149282
0.088940 0.122611 0.408496 0.024420 0.475568 0.204345 0.531745 1.0 1.432387e-01 0.317363
0.127837 0.842780 0.944029 0.855833 0.681082 0.417323 0.639908 0.0 8.721304e-01 0.774305
0.887376 0.965075 0.404141 0.141266 0.054066 0.584749 0.013687 0.0 1.632492e-01 0.349300
0.846217 0.645406 0.635310 0.996089 0.505063 0.506908 0.494716 0.0 3.817072e-01 0.525640
0.317570 0.036961 0.913953 0.814665 0.339986 0.333758 0.408418 0.0 7.047586e-01 0.660189
0.486792 0.777174 0.246829 0.027910 0.367801 0.443430 0.343159 0.0 5.900420e-02 0.227519
0.486493 0.815189 0.197000 0.139688 0.876092 0.524158 0.831914 1.0 3.784443e-02 0.350698
0.266347 0.018758 0.104950 0.059916 0.315208 0.351433 0.385962 0.0 9.282418e-03 0.240252
0.627497 0.501526 0.738156 0.696696 0.401523 0.256952 0.410243 0.0 5.021343e-01 0.500797
0.666000 0.849709 0.892914 0.890601 0.536784 0.391298 0.499725 0.0 7.811824e-01 0.760813
0.826656 0.867857 0.702143 0.674919 0.466320 0.424524 0.428325 1.0 4.845831e-01 0.561120
0.246772 0.967354 0.642255 0.861315 0.391914 0.524351 0.342966 0.0 4.123338e-01 0.555627
0.836196 0.726856 0.136945 0.136990 0.283765 0.376540 0.269066 0.0 1.802181e-02 0.261742
0.027946 0.427239 0.505472 0.856442 0.389932 0.673505 0.409960 1.0 2.323251e-01 0.443924
0.478927 0.940474 0.850561 0.782412 0.443752 0.607290 0.396539 0.0 7.198398e-01 0.715783
0.956048 0.671923 0.815668 0.770445 0.483398 0.288367 0.467723 1.0 6.320848e-01 0.758732
0.549475 0.065473 0.203403 0.059819 0.546277 0.230736 0.606039 0.0 3.514359e-02 0.234936
0.632214 0.048518 0.085380 0.015961 0.620340 0.361976 0.679347 0.0 6.183754e-03 0.192444
0.321631 0.856009 0.210402 0.162119 0.759011 0.840228 0.715633 0.0 4.346736e-02 0.289636
0.203954 0.370586 0.983556 0.680221 0.512555 0.451639 0.535303 1.0 8.702052e-01 0.752970
0.893389 0.383302 0.245122 0.161371 0.454745 0.454915 0.476607 0.0 5.422578e-02 0.221445
0.934637 0.632446 0.836163 0.914863 0.447907 0.319980 0.440164 1.0 6.596217e-01 0.652355
0.232789 0.313895 0.255686 0.086563 0.707614 0.429168 0.730954 1.0 5.823698e-02 0.302759
0.328805 0.010408 0.489992 0.104991 0.536002 0.446123 0.603681 0.0 2.015569e-01 0.277805
0.713772 0.406836 0.855264 0.717594 0.352951 0.482989 0.374876 1.0 6.624658e-01 0.703039
0.844899 0.568831 0.399902 0.056295 0.735900 0.684411 0.726769 0.0 1.492297e-01 0.287935
0.826074 0.566906 0.590773 0.711330 0.524511 0.412894 0.522538 0.0 3.254892e-01 0.439366
0.552276 0.465696 0.586500 0.860251 0.401850 0.489751 0.414277 0.0 3.149688e-01 0.446157
0.580619 0.965789 0.082020 0.122138 0.658423 0.644793 0.602178 1.0 6.743908e-03 0.322613
0.725929 0.627047 0.769121 0.860675 0.533865 0.689631 0.524574 1.0 5.575689e-01 0.587915
0.271986 0.197791 0.268890 0.043248 0.413900 0.361585 0.459476 0.0 6.299721e-02 0.228098
0.605270 0.975980 0.667284 0.804355 0.388171 0.673919 0.337061 0.0 4.457331e-01 0.539902
0.771118 0.435359 0.267833 0.124896 0.462401 0.714994 0.479022 0.0 6.535834e-02 0.277905
0.240366 0.007199 0.228073 0.110794 0.459965 0.570967 0.528193 1.0 4.367036e-02 0.216900
0.352116 0.833965 0.019237 0.158524 0.396166 0.550182 0.363166 1.0 3.670000e-04 0.327038
0.247757 0.029849 0.242342 0.068705 0.653283 0.469013 0.713940 0.0 4.952479e-02 0.235520
0.719559 0.136371 0.597505 0.797255 0.546700 0.327114 0.599235 0.0 3.072089e-01 0.409012
0.007385 0.392052 0.627283 0.901812 0.454510 0.333697 0.475027 0.0 3.554314e-01 0.492175
0.944925 0.582112 0.294875 0.088549 0.344645 0.981471 0.344919 0.0 8.135254e-02 0.282449
0.467921 0.449148 0.287626 0.016185 0.374940 0.365947 0.390495 1.0 7.556122e-02 0.272012
0.857721 0.217796 0.344708 0.098836 0.418282 0.669607 0.461874 1.0 1.039050e-01 0.322080
0.555494 0.483816 0.066266 0.093387 0.434331 0.571696 0.444619 1.0 4.049968e-03 0.251214
0.102124 0.516435 0.365831 0.025952 0.624077 0.538550 0.625191 0.0 1.237186e-01 0.273554
0.948696 0.731912 0.634572 0.859208 0.486791 0.422076 0.464233 0.0 3.866536e-01 0.559844
0.734499 0.343141 0.883767 0.800041 0.461439 0.477824 0.490018 0.0 6.990194e-01 0.620124
0.987960 0.141400 0.740959 0.891632 0.617191 0.614221 0.666280 0.0 4.728480e-01 0.542735
0.223411 0.735648 0.682901 0.778996 0.497597 0.778947 0.474424 1.0 4.480683e-01 0.610422
0.712004 0.478751 0.183701 0.160717 0.519853 0.450339 0.528177 1.0 3.100760e-02 0.248849
0.635332 0.599762 0.029431 0.071410 0.312789 0.574414 0.311384 0.0 8.202925e-04 0.207090
0.239207 0.976238 0.078422 0.069564 0.453208 0.445222 0.402234 1.0 6.177082e-03 0.330272
0.011828 0.840127 0.842246 0.832497 0.508135 0.676278 0.471448 0.0 6.939186e-01 0.649235
0.109298 0.481943 0.115192 0.158363 0.565541 0.311428 0.571821 0.0 1.221108e-02 0.181032
0.237520 0.570496 0.475919 0.028151 0.475591 0.258130 0.475348 1.0 2.113943e-01 0.386359
0.584961 0.535707 0.201154 0.030629 0.663563 0.027626 0.661764 0.0 3.756039e-02 0.260426
0.586106 0.864545 0.967993 0.978743 0.591439 0.437570 0.548940 1.0 9.203791e-01 0.876847
0.450249 0.853155 0.297295 0.075805 0.499733 0.515116 0.460757 0.0 8.670609e-02 0.315852
0.355116 0.237202 0.508073 0.671141 0.503156 0.546303 0.541331 0.0 2.265057e-01 0.365497
0.057443 0.296955 0.383654 0.109018 0.362808 0.402462 0.399133 0.0 1.306512e-01 0.266534
0.929437 0.903315 0.954669 0.965176 0.517298 0.458259 0.472011 0.0 9.011359e-01 0.822358
0.975139 0.246445 0.456699 0.000717 0.592333 0.474213 0.628134 0.0 1.833503e-01 0.318597
0.440813 0.166103 0.251263 0.112020 0.498934 0.353125 0.548348 1.0 5.467720e-02 0.306040
0.882291 0.262811 0.465276 0.031758 0.288113 0.268678 0.330706 0.0 1.908924e-01 0.311857
0.045991 0.841006 0.435885 0.126043 0.591254 0.762774 0.552999 0.0 1.859435e-01 0.351474
0.859933 0.426903 0.450246 0.027802 0.564266 0.482611 0.579032 0.0 1.843338e-01 0.297719
0.075267 0.881594 0.714426 0.717350 0.441529 0.165916 0.401468 0.0 5.028564e-01 0.619658
0.228710 0.314281 0.998233 0.967719 0.538186 0.238149 0.565707 0.0 8.869716e-01 0.711044
0.410106 0.878038 0.771690 0.898803 0.457389 0.431875 0.419002 0.0 5.863264e-01 0.627467
0.720185 0.661241 0.101346 0.104195 0.453872 0.297426 0.442632 1.0 9.764410e-03 0.325674
0.743081 0.690491 0.209482 0.064399 0.603295 0.629947 0.584978 1.0 4.187118e-02 0.305264
0.580908 0.345122 0.174302 0.134944 0.774444 0.528279 0.793042 1.0 2.723766e-02 0.296943
0.122701 0.987693 0.812673 0.833171 0.356116 0.435258 0.306303 0.0 6.623699e-01 0.632126
0.016355 0.024121 0.391404 0.019083 0.424403 0.684264 0.491849 1.0 1.289799e-01 0.253646
0.775855 0.987833 0.315585 0.131586 0.400773 0.414033 0.347877 1.0 9.994427e-02 0.374573
0.434786 0.360634 0.389871 0.139952 0.417038 0.709055 0.444929 1.0 1.365390e-01 0.327376
0.816199 0.976455 0.534315 0.769340 0.828924 0.280554 0.766212 1.0 2.858446e-01 0.563181
0.457950 0.868868 0.514941 0.759609 0.026184 0.604246 0.000488 0.0 2.607193e-01 0.445406
0.226514 0.032693 0.443525 0.135084 0.713145 0.303336 0.773523 0.0 1.658854e-01 0.271901
0.581757 0.857586 0.616510 0.745077 0.760860 0.466367 0.717349 0.0 3.729602e-01 0.545747
0.895013 0.729808 0.445966 0.068500 0.576517 0.467953 0.551209 0.0 1.909367e-01 0.368435
0.426504 0.008861 0.192573 0.117720 0.552550 0.540472 0.619070 1.0 3.115153e-02 0.288339
0.884124 0.851024 0.765832 0.737415 0.059728 0.530504 0.033475 0.0 5.748071e-01 0.600735
0.473780 0.255843 0.378297 0.136899 0.343702 0.613262 0.386673 0.0 1.260436e-01 0.267422
0.053870 0.041114 0.915506 0.937864 0.805517 0.317821 0.860049 1.0 7.077382e-01 0.687817
0.546846 0.461512 0.772861 0.668486 0.693599 0.182831 0.700350 0.0 5.464494e-01 0.525460
0.741774 0.216512 0.629205 0.752312 0.532884 0.174577 0.574080 1.0 3.459746e-01 0.460142
0.011685 0.135380 0.366169 0.091653 0.441137 0.599526 0.495872 1.0 1.153893e-01 0.258079
0.386596 0.427368 0.639705 0.893273 0.368328 0.401200 0.387756 0.0 3.720641e-01 0.459157
0.022768 0.580425 0.635516 0.747829 0.622849 0.140670 0.617368 1.0 3.775594e-01 0.516167
0.754154 0.894194 0.783904 0.875456 0.625626 0.205773 0.579314 0.0 6.066913e-01 0.640385
0.004106 0.974851 0.795532 0.884959 0.255869 0.273114 0.210635 0.0 6.333668e-01 0.731863
0.621497 0.935990 0.169351 0.016779 0.774835 0.415339 0.719957 0.0 2.855455e-02 0.304931
0.214677 0.088142 0.710119 0.810475 0.534387 0.750113 0.590997 0.0 4.298174e-01 0.489273
0.660708 0.545657 0.559787 0.918228 0.504979 0.075310 0.507347 1.0 2.911334e-01 0.500415
0.020955 0.477196 0.463356 0.158373 0.428272 0.639139 0.438966 1.0 1.970297e-01 0.380265
0.984275 0.101339 0.600820 0.691581 0.526059 0.318496 0.581622 1.0 3.085083e-01 0.454696
0.893664 0.726739 0.958162 0.896387 0.575193 0.434715 0.550657 0.0 8.805992e-01 0.776655
0.801143 0.621101 0.844389 0.706223 0.451362 0.504000 0.444173 0.0 6.713074e-01 0.622588
0.523668 0.942766 0.241462 0.132031 0.294620 0.180385 0.252860 0.0 5.808584e-02 0.273658
0.872857 0.100208 0.547395 0.925410 0.197990 0.561996 0.264395 0.0 2.560378e-01 0.383541
0.656459 0.360628 0.266155 0.081743 0.510643 0.484882 0.535041 0.0 6.365567e-02 0.294378
0.538235 0.624949 0.324075 0.125964 0.455570 0.221774 0.446881 0.0 9.900716e-02 0.312394
0.662431 0.632789 0.587601 0.778592 0.491412 0.790737 0.480520 0.0 3.258130e-01 0.451409
0.262352 0.342525 0.079849 0.060247 0.302111 0.527478 0.332656 1.0 5.724756e-03 0.209257
0.555055 0.673231 0.496857 0.117893 0.732664 0.408897 0.710362 0.0 2.346454e-01 0.374009
0.252798 0.677298 0.736236 0.828083 0.543506 0.571744 0.527299 1.0 5.154791e-01 0.613476
0.002278 0.679277 0.055934 0.077606 0.472841 0.578955 0.458683 0.0 2.990789e-03 0.230346
0.363760 0.466545 0.817727 0.979791 0.465347 0.773462 0.478212 0.0 6.122854e-01 0.562928
0.026157 0.934501 0.938263 0.858627 0.513407 0.450667 0.466778 0.0 8.750301e-01 0.820169
0.319089 0.332728 0.057834 0.003358 0.619711 0.954117 0.645192 0.0 3.001846e-03 0.196932
0.415192 0.708408 0.167211 0.021298 0.329656 0.303500 0.313638 0.0 2.677128e-02 0.259743
0.815542 0.875845 0.802033 0.831536 0.291380 0.455347 0.258059 0.0 6.330956e-01 0.644000
0.533173 0.344454 0.517891 0.944947 0.784863 0.211966 0.802617 0.0 2.401591e-01 0.403001
0.105052 0.495820 0.847111 0.956601 0.552552 0.508873 0.557390 0.0 6.605892e-01 0.652180
0.244902 0.488833 0.652281 0.837732 0.599081 0.348274 0.605861 0.0 3.912125e-01 0.496043
0.651637 0.742897 0.351762 0.097005 0.581659 0.741126 0.555971 0.0 1.190835e-01 0.333695
0.489491 0.758337 0.745298 0.959484 0.297547 0.515826 0.278483 1.0 5.357807e-01 0.602516
0.894711 0.719243 0.908347 0.836613 0.272318 0.496951 0.258432 0.0 7.903919e-01 0.791437
0.000000 0.321433 0.244732 0.136002 0.767857 0.968506 0.788809 0.0 5.343245e-02 0.265840
0.409517 0.262834 0.876755 0.684514 0.625929 0.377414 0.659019 0.0 6.776381e-01 0.638992
0.631095 0.758985 0.175851 0.116564 0.617931 0.694146 0.590488 0.0 2.986909e-02 0.268235
0.553894 0.408141 0.680206 0.686652 0.507248 0.388812 0.526306 0.0 4.191670e-01 0.455781
0.402090 0.626604 0.112621 0.070377 0.583183 0.607348 0.573075 0.0 1.198064e-02 0.222241
0.326802 0.585911 0.179372 0.053275 0.342611 0.504366 0.342185 1.0 3.014236e-02 0.280920
0.282192 0.701661 0.553193 0.773670 0.525980 0.542484 0.505470 0.0 2.923122e-01 0.474049
0.264339 0.185392 0.556732 0.870041 0.479104 0.463366 0.524851 0.0 2.692660e-01 0.397658
0.525409 0.618240 0.636694 0.709324 0.252769 0.220496 0.251431 0.0 3.815279e-01 0.526552
0.446126 0.653502 0.469630 0.142407 0.310196 0.653406 0.303033 0.0 2.089117e-01 0.354379
0.859896 0.034070 0.337689 0.124360 0.485601 0.278190 0.550582 0.0 9.620900e-02 0.233219
0.348093 0.386194 0.603701 0.724400 0.265429 0.383667 0.293560 1.0 3.288585e-01 0.518132
0.704998 0.605451 0.232907 0.105520 0.140436 0.200858 0.143102 0.0 5.097839e-02 0.208897
0.899388 0.624153 0.365869 0.143793 0.585801 0.679312 0.576257 0.0 1.261597e-01 0.270319
0.845369 0.691557 0.952640 0.976642 0.440149 0.662492 0.423967 1.0 8.651351e-01 0.825259
0.642164 0.487441 0.203407 0.091377 0.592093 0.445989 0.597852 1.0 3.807109e-02 0.324147
0.259042 0.607371 0.869472 0.893915 0.537721 0.485667 0.529272 0.0 7.100369e-01 0.751115
0.189700 0.364149 0.343565 0.152543 0.314916 0.118147 0.343403 0.0 1.061117e-01 0.279732
0.531290 0.426045 0.437832 0.070484 0.404846 0.378420 0.422622 0.0 1.742853e-01 0.287845
0.866437 0.136230 0.588756 0.725467 0.569562 0.080941 0.618661 1.0 2.982721e-01 0.461541
0.954125 0.248409 0.248887 0.058014 0.319418 0.548062 0.361377 0.0 5.450313e-02 0.180838
0.305622 0.133962 0.233431 0.130013 0.577543 0.364558 0.627918 1.0 4.690252e-02 0.311132
0.802747 0.722316 0.928341 0.684422 0.410197 0.699774 0.392315 1.0 8.260088e-01 0.795891
0.818209 0.072139 0.742119 0.776980 0.476254 0.382040 0.538136 0.0 4.679432e-01 0.508688
0.884734 0.349352 0.178314 0.152382 0.403529 0.283899 0.431386 0.0 2.852733e-02 0.274738
0.689532 0.824705 0.676537 0.710058 0.750138 0.786264 0.709757 0.0 4.465841e-01 0.535929
0.139942 0.746012 0.541299 0.670280 0.373709 0.297030 0.354577 0.0 2.820564e-01 0.447128
0.411559 0.630018 0.375488 0.062704 0.374149 0.548386 0.367732 0.0 1.330163e-01 0.288351
0.954851 0.580883 0.953649 0.823129 0.412012 0.570682 0.411066 1.0 8.501155e-01 0.785795
0.021907 0.180526 0.945038 0.785725 0.672504 0.296479 0.714464 1.0 7.749727e-01 0.780729
0.041805 0.791358 0.768342 0.943686 0.423138 0.557626 0.396767 1.0 5.726818e-01 0.744395
0.972853 0.896963 0.566054 0.734703 0.767593 0.419533 0.718080 0.0 3.165365e-01 0.454413
0.754569 0.810973 0.396586 0.074068 0.749998 0.271776 0.710617 0.0 1.531452e-01 0.338697
0.356271 0.772760 0.232997 0.042679 0.259022 0.425543 0.236636 1.0 5.253992e-02 0.336680
0.851439 0.916719 0.968236 0.667034 0.656925 0.354052 0.607144 0.0 9.290302e-01 0.791991
0.277311 0.073401 0.097774 0.099930 0.594352 0.568807 0.653197 0.0 8.145864e-03 0.221222
0.423280 0.022735 0.372783 0.143002 0.481249 0.640967 0.546700 1.0 1.169717e-01 0.317532
0.014689 0.549207 0.271990 0.115837 0.611263 0.882398 0.608814 0.0 6.881329e-02 0.267618
0.717624 0.542674 0.770097 0.991554 0.700168 0.321242 0.695039 0.0 5.506074e-01 0.596410
0.143457 0.439501 0.212229 0.061604 0.371392 0.358885 0.388264 1.0 4.108092e-02 0.307316
0.409144 0.884761 0.229822 0.111965 0.389817 0.439756 0.351037 1.0 5.211018e-02 0.356975
0.919138 0.496744 0.910201 0.814516 0.443323 0.328189 0.452126 0.0 7.627590e-01 0.765939
0.639178 0.321181 0.371766 0.157192 0.364587 0.386249 0.395814 1.0 1.232438e-01 0.336620
0.532384 0.770935 0.457364 0.134420 0.511554 0.386850 0.482658 0.0 2.022590e-01 0.364460
0.857207 0.048048 0.879748 0.957769 0.378194 0.378649 0.445677 0.0 6.544380e-01 0.607805
0.235735 0.742621 0.324856 0.163462 0.524676 0.423342 0.500766 0.0 1.015650e-01 0.320465
0.823459 0.932198 0.720751 0.779464 0.564791 0.527430 0.515831 0.0 5.161995e-01 0.557154
0.483208 0.470101 0.571244 0.760406 0.529287 0.427418 0.537614 0.0 2.990404e-01 0.425942
0.897952 0.824118 0.196239 0.003714 0.453174 0.394679 0.421137 0.0 3.761053e-02 0.232185
0.738040 0.347089 0.443043 0.081315 0.691200 0.248791 0.713353 0.0 1.758613e-01 0.273912
0.055107 0.854286 0.721123 0.934307 0.752760 0.352194 0.708977 0.0 5.099479e-01 0.654837
0.956631 0.767530 0.792955 0.918530 0.614571 0.384859 0.584943 1.0 6.074445e-01 0.709941
0.550864 0.457645 0.318835 0.021630 0.364308 0.577143 0.379869 1.0 9.298376e-02 0.284457
0.432206 0.270928 0.622254 0.915977 0.108357 0.539205 0.154172 1.0 3.419031e-01 0.494753
0.999351 0.186575 0.334257 0.029462 0.326275 0.401567 0.376428 0.0 9.711853e-02 0.274715
0.582543 0.830809 0.979224 0.834277 0.547669 0.558758 0.512484 0.0 9.364405e-01 0.848296
0.126746 0.035344 0.363800 0.015312 0.455825 0.470390 0.523195 1.0 1.116836e-01 0.250798
0.212118 0.221925 0.243607 0.019668 0.616911 0.878938 0.656374 0.0 5.195316e-02 0.170982
0.075277 0.927282 0.328083 0.045709 0.428696 0.811082 0.384631 0.0 1.069219e-01 0.298322
0.950845 0.511158 0.475101 0.053884 0.518879 0.501741 0.522445 0.0 2.084257e-01 0.337842
0.345958 0.657646 0.495889 0.153346 0.217645 0.294997 0.213656 0.0 2.330906e-01 0.378920
0.283683 0.946801 0.492590 0.027102 0.397595 0.568758 0.351198 1.0 2.417507e-01 0.446099
0.588518 0.930829 0.786146 0.886492 0.765174 0.496976 0.709712 0.0 6.139573e-01 0.633844
0.712611 0.602254 0.621786 0.980166 0.540080 0.212113 0.531440 1.0 3.628390e-01 0.535435
0.427898 0.741776 0.861139 0.948066 0.283784 0.535725 0.265817 0.0 7.131821e-01 0.723155
0.302555 0.921319 0.042684 0.112331 0.249353 0.329052 0.210873 1.0 1.818818e-03 0.295208
0.986391 0.676032 0.506538 0.747164 0.466195 0.253008 0.452909 0.0 2.439962e-01 0.418842
0.278469 0.135739 0.510884 0.825405 0.432124 0.534896 0.487815 0.0 2.245836e-01 0.363811
0.822524 0.777771 0.934380 0.810024 0.484446 0.545083 0.455748 1.0 8.448935e-01 0.826881
0.854589 0.545063 0.896364 0.694264 0.742001 0.356037 0.737432 1.0 7.462475e-01 0.734026
0.470414 0.758985 0.124377 0.017555 0.299769 0.405457 0.278952 1.0 1.495242e-02 0.278643
0.166530 0.249199 0.568968 0.853804 0.451400 0.283834 0.491869 1.0 2.846882e-01 0.478273
0.641907 0.291445 0.961630 0.793681 0.513815 0.350262 0.547628 0.0 8.195915e-01 0.661802
0.939866 0.008154 0.794849 0.835057 0.665100 0.744276 0.728549 0.0 5.300212e-01 0.501598
0.771678 0.549555 0.757808 0.792201 0.368014 0.623225 0.373453 1.0 5.338390e-01 0.611161
0.577542 0.308364 0.657016 0.814219 0.559609 0.306945 0.590163 1.0 3.838667e-01 0.508954
0.884742 0.491375 0.337542 0.053807 0.400019 0.252486 0.411964 0.0 1.048531e-01 0.268906
0.348436 0.335029 0.687113 0.845764 0.410116 0.052203 0.439000 0.0 4.219406e-01 0.508917
0.290373 0.358641 0.889195 0.981482 0.579386 0.120419 0.601220 0.0 7.096835e-01 0.607504
0.452959 0.812431 0.870452 0.903616 0.305443 0.620309 0.276798 0.0 7.376516e-01 0.765314
0.529657 0.126715 0.449658 0.060229 0.265369 0.337697 0.325597 1.0 1.736876e-01 0.308358
0.244760 0.433981 0.427598 0.085765 0.306901 0.456797 0.325736 0.0 1.664781e-01 0.322970
0.593576 0.274943 0.626893 0.789948 0.450382 0.634173 0.487881 0.0 3.472826e-01 0.444132
0.102821 0.805413 0.245872 0.098968 0.541344 0.747833 0.509204 1.0 5.883383e-02 0.335416
0.277617 0.279282 0.069034 0.006222 0.466217 0.389504 0.500431 0.0 4.230746e-03 0.194635
0.923593 0.403431 0.356008 0.089799 0.471768 0.556530 0.491453 0.0 1.147673e-01 0.311817
0.309978 0.442046 0.833225 0.749069 0.258303 0.427589 0.277998 1.0 6.328628e-01 0.732954
0.317974 0.491066 0.147520 0.002916 0.394011 0.604977 0.403210 0.0 2.004888e-02 0.255683
0.070359 0.606676 0.460367 0.047270 0.430110 0.464719 0.426308 1.0 1.990928e-01 0.387190
0.189664 0.682670 0.410286 0.131678 0.001630 0.264112 0.000000 0.0 1.602873e-01 0.337944
0.513377 0.758836 0.097518 0.090147 0.412062 0.269170 0.388774 0.0 9.197520e-03 0.194904
0.474543 0.085321 0.874486 0.990712 0.445164 0.561558 0.504583 0.0 6.514070e-01 0.563729
0.185515 0.942739 0.122233 0.042647 0.596570 0.529137 0.545227 0.0 1.490265e-02 0.221437
0.443099 0.691859 0.725878 0.928502 0.444139 0.412339 0.428334 0.0 5.023632e-01 0.535307
0.613283 0.775711 0.673382 0.973346 0.304984 0.436993 0.281979 0.0 4.387093e-01 0.530386
0.669576 0.255159 0.211761 0.052994 0.638384 0.284594 0.671593 1.0 3.951456e-02 0.266889
0.383312 0.078608 0.043120 0.071046 0.342501 0.790779 0.406166 0.0 1.591960e-03 0.214407
0.986141 0.439458 0.997754 0.972777 0.286381 0.197392 0.305678 0.0 9.069838e-01 0.769740
0.070610 0.057223 0.814008 0.701335 0.400985 0.220165 0.464979 0.0 5.613184e-01 0.575382
0.636739 0.330244 0.227844 0.097742 0.276633 0.443049 0.310084 0.0 4.639339e-02 0.186408
0.584643 0.146710 0.673977 0.984740 0.396882 0.522623 0.451668 0.0 3.916421e-01 0.485468
0.920549 0.180447 0.769829 0.701302 0.557254 0.386301 0.600965 1.0 5.142810e-01 0.578967
0.689631 0.799518 0.411426 0.051185 0.481899 0.310143 0.451353 0.0 1.644918e-01 0.356171
0.319517 0.963563 0.451093 0.115024 0.282525 0.239624 0.236647 0.0 2.033171e-01 0.375367
0.519913 0.116100 0.387824 0.113018 0.600023 0.397563 0.651809 0.0 1.289493e-01 0.216880
0.777946 0.827721 0.490888 0.154737 0.608126 0.421560 0.572224 0.0 2.352777e-01 0.389483
0.737898 0.761018 0.229002 0.133828 0.276259 0.809557 0.256903 1.0 5.065183e-02 0.338014
0.674163 0.600570 0.890885 0.988987 0.382540 0.355839 0.380951 0.0 7.445307e-01 0.726953
0.684903 0.731029 0.221855 0.032178 0.545798 0.238186 0.522314 0.0 4.729389e-02 0.260778
0.275076 0.650576 0.917375 0.791069 0.737700 0.565264 0.720794 0.0 7.965040e-01 0.676069
0.321310 0.344651 0.419103 0.041581 0.588301 0.545526 0.613698 1.0 1.573035e-01 0.358561
0.675627 0.954149 0.769852 0.894231 0.383696 0.348022 0.336436 0.0 5.910893e-01 0.686830
0.390155 0.325280 0.356849 0.056029 0.667267 0.635284 0.691372 1.0 1.136429e-01 0.299637
0.581100 0.219982 0.642066 0.918902 0.462549 0.111692 0.504553 0.0 3.604990e-01 0.461834
0.023265 0.288081 0.270464 0.105173 0.601228 0.315779 0.630892 0.0 6.484297e-02 0.185366
0.066557 0.070008 0.765301 0.942686 0.296093 0.375580 0.361999 0.0 4.974199e-01 0.546730
0.161475 0.151887 0.229031 0.054175 0.446297 0.631154 0.497612 0.0 4.530963e-02 0.231607
0.941644 0.408160 0.233549 0.155902 0.228177 0.829940 0.254502 0.0 4.945639e-02 0.261806
0.264711 0.645781 0.994582 0.904494 0.346005 0.483978 0.338387 0.0 9.353973e-01 0.804032
0.206189 0.369957 0.480910 0.145174 0.566547 0.377482 0.589082 0.0 2.080825e-01 0.355893
0.626693 0.624467 0.868946 0.739426 0.560045 0.289769 0.548246 0.0 7.113399e-01 0.737634
0.398206 0.650394 0.644000 0.759435 0.583831 0.299711 0.568962 1.0 3.925645e-01 0.561569
0.840566 0.279097 0.160619 0.122406 0.000000 0.755853 0.046818 1.0 2.284655e-02 0.269612
0.390947 0.296980 0.135546 0.056799 0.419156 0.360746 0.452187 1.0 1.633123e-02 0.232239
0.346270 0.128764 0.106978 0.077691 0.396001 0.417316 0.453460 0.0 9.855328e-03 0.189360
0.802453 0.115261 0.955872 0.801405 0.545475 0.654634 0.598378 0.0 7.828567e-01 0.607889
0.910725 0.133467 0.201343 0.020975 0.393912 0.575385 0.449234 0.0 3.489796e-02 0.241303
0.801606 0.243651 0.528411 0.887305 0.363304 0.514972 0.406655 0.0 2.452987e-01 0.393299
0.119489 0.389816 0.462226 0.002277 0.647708 0.432537 0.663705 0.0 1.929437e-01 0.279112
0.981035 0.179471 0.799749 0.949259 0.439564 0.696497 0.486623 0.0 5.549212e-01 0.538191
0.761349 0.390849 0.917131 0.683133 0.678257 0.412553 0.695338 1.0 7.595036e-01 0.711397
0.292044 0.906157 0.918678 0.705171 0.247451 0.473087 0.211521 1.0 8.348817e-01 0.807440
0.805828 0.669345 0.505655 0.952018 0.385222 0.289890 0.374037 1.0 2.428599e-01 0.490781
0.964598 0.912111 0.595314 0.981784 0.346597 0.486993 0.305263 0.0 3.509973e-01 0.482164
0.725518 0.148932 0.626594 0.742446 0.737174 0.426257 0.780262 0.0 3.386677e-01 0.420253
0.904336 0.597162 0.063910 0.103086 0.535896 0.493128 0.528837 0.0 3.845629e-03 0.280434
0.791062 0.609976 0.196124 0.144387 0.397720 0.476881 0.393170 1.0 3.618568e-02 0.263339
0.433376 0.196027 0.863890 0.722540 0.188112 0.085661 0.240414 0.0 6.495516e-01 0.573302
0.204910 0.139788 0.445868 0.037573 0.815142 0.488562 0.857762 0.0 1.712078e-01 0.308684
0.218062 0.678683 0.472305 0.064289 0.475655 0.524762 0.460261 1.0 2.122389e-01 0.403543
0.489883 0.689140 0.150957 0.076119 0.367196 0.430835 0.352351 1.0 2.174998e-02 0.271957
0.516700 0.132958 0.641684 0.894187 0.161092 0.351957 0.224127 0.0 3.540701e-01 0.434579
0.321521 0.692375 0.332718 0.045326 0.570387 0.252348 0.551918 0.0 1.056068e-01 0.298571
0.464739 0.798247 0.710926 0.857544 0.336595 0.362731 0.311876 0.0 4.908888e-01 0.631644
0.322181 0.680957 0.401655 0.119466 0.713424 0.149719 0.691252 1.0 1.535699e-01 0.379662
0.199404 0.898976 0.561862 0.807068 0.229056 0.349185 0.194059 1.0 3.119734e-01 0.522230
0.298925 0.631619 0.378247 0.048443 0.622361 0.580114 0.610046 0.0 1.350162e-01 0.332072
0.940483 0.851891 0.520859 0.689093 0.579575 0.114309 0.539730 0.0 2.659731e-01 0.439349
0.127096 0.038616 0.056971 0.099356 0.587981 0.626519 0.650148 0.0 2.752564e-03 0.171434
0.684949 0.899697 0.926510 0.850984 0.645922 0.623868 0.597204 0.0 8.482467e-01 0.833735
0.588946 0.276087 0.401307 0.127591 0.400892 0.771846 0.439179 0.0 1.423831e-01 0.264352
0.135768 0.627868 0.881845 0.976602 0.625483 0.320400 0.611934 1.0 7.330547e-01 0.723813
0.433627 0.672308 0.934895 0.845232 0.599709 0.613288 0.581982 0.0 8.303933e-01 0.714770
0.560915 0.707941 0.312741 0.078817 0.465554 0.605040 0.445653 1.0 9.356597e-02 0.329543
0.768102 0.234830 0.084614 0.055257 0.391738 0.602418 0.435959 1.0 6.297483e-03 0.299157
0.210978 0.534387 0.609565 0.671436 0.406403 0.769773 0.412055 1.0 3.444971e-01 0.487824
0.163490 0.830640 0.907517 0.994308 0.433119 0.159680 0.400924 0.0 8.043096e-01 0.777165
0.289228 0.575724 0.488862 0.104949 0.154991 0.260435 0.161597 0.0 2.232546e-01 0.355276
0.132082 0.037119 0.350131 0.027158 0.828784 0.436222 0.883351 1.0 1.034887e-01 0.299126
0.252229 0.759365 0.478068 0.010897 0.529984 0.687811 0.502857 1.0 2.205363e-01 0.408050
0.819209 0.093045 0.192230 0.029373 0.175469 0.290859 0.240706 1.0 3.156213e-02 0.239445
0.102741 0.937359 0.922126 0.870360 0.600210 0.394082 0.549685 1.0 8.456022e-01 0.818188
0.316602 0.452250 0.086634 0.051863 0.327795 0.508634 0.346587 0.0 6.875383e-03 0.184114
0.438169 0.392528 0.852146 0.800262 0.412975 0.298234 0.435156 0.0 6.559058e-01 0.570487
0.706804 0.929481 0.476613 0.158498 0.419521 0.198710 0.376108 0.0 2.256677e-01 0.392114
0.220666 0.406012 0.026448 0.023437 0.141631 0.372679 0.168355 1.0 6.402406e-04 0.269872
0.384012 0.408146 0.463550 0.025318 0.339792 0.030478 0.361369 0.0 1.947099e-01 0.316555
0.985939 0.714571 0.393609 0.069691 0.325986 0.361842 0.311837 0.0 1.483539e-01 0.342309
0.195718 0.767318 0.526663 0.732184 0.442335 0.614234 0.417401 0.0 2.680032e-01 0.425674
0.596470 0.990464 0.500044 0.095729 0.269961 0.265077 0.222383 0.0 2.509479e-01 0.411337
0.783819 0.185710 0.686740 0.739160 0.210077 0.453432 0.265447 0.0 4.096912e-01 0.456721
0.713159 0.570408 0.369189 0.163112 0.490894 0.856446 0.489417 1.0 1.272314e-01 0.369105
0.573801 0.315182 0.310808 0.001014 0.396906 0.451232 0.430426 0.0 8.605711e-02 0.293909
0.663452 0.192689 0.545055 0.921528 0.418998 0.630074 0.465139 0.0 2.584553e-01 0.396339
0.176246 0.098170 0.601597 0.877147 0.330424 0.563776 0.391379 0.0 3.091144e-01 0.412197
0.169746 0.363859 0.141063 0.006360 0.776872 0.469359 0.793968 0.0 1.790938e-02 0.161979
0.415987 0.265468 0.749798 0.880227 0.351481 0.398113 0.392632 0.0 4.958739e-01 0.565137
0.049895 0.817491 0.714279 0.775019 0.794131 0.560139 0.752995 0.0 4.971728e-01 0.603090
0.350165 0.151636 0.467027 0.008182 0.539092 0.482853 0.589679 0.0 1.882701e-01 0.292631
0.421274 0.990711 0.086782 0.085323 0.590893 0.812501 0.532377 0.0 7.579768e-03 0.294596
0.339725 0.940596 0.295079 0.024740 0.310196 0.341256 0.266174 0.0 8.669449e-02 0.343420
0.737128 0.266217 0.097365 0.044939 0.409304 0.530765 0.447651 1.0 8.384674e-03 0.253589
0.065853 0.445285 0.690342 0.706243 0.616202 0.531440 0.627844 0.0 4.347138e-01 0.503936
0.150078 0.443607 0.847232 0.795021 0.293515 0.359080 0.312216 0.0 6.545020e-01 0.668088
0.825733 0.657912 0.708943 0.667772 0.552290 0.452722 0.537180 0.0 4.763437e-01 0.560545
0.887295 0.929792 0.305857 0.001845 0.440590 0.234392 0.396610 0.0 9.297130e-02 0.309400
0.856709 0.869359 0.667435 0.888171 0.370111 0.477945 0.334399 0.0 4.379818e-01 0.614828
0.591270 0.958507 0.657006 0.886759 0.424169 0.429806 0.376144 0.0 4.308472e-01 0.560127
0.606161 0.596802 0.901650 0.715661 0.579522 0.449413 0.573155 0.0 7.621171e-01 0.656139
0.135168 0.933055 0.181617 0.064571 0.318992 0.573321 0.277726 0.0 3.282068e-02 0.285836
0.608286 0.307339 0.954490 0.692456 0.669220 0.915118 0.696247 0.0 8.098923e-01 0.693044
0.264599 0.199439 0.117325 0.156040 0.512028 0.647037 0.556447 0.0 1.201453e-02 0.224763
0.855106 0.387587 0.058935 0.060693 0.688930 0.425740 0.703323 1.0 3.149039e-03 0.218590
0.644376 0.322907 0.443593 0.022855 0.583354 0.627098 0.611094 1.0 1.755011e-01 0.335677
0.519020 0.846184 0.810094 0.829336 0.223132 0.554637 0.193885 1.0 6.426251e-01 0.767046
0.828519 0.268855 0.311507 0.126293 0.608224 0.738719 0.641189 1.0 8.569134e-02 0.274977
0.612257 0.353408 0.171281 0.090861 0.371870 0.788152 0.401653 1.0 2.634302e-02 0.271960
0.363014 0.413809 0.636467 0.757167 0.592539 0.312188 0.607883 0.0 3.673879e-01 0.474181
0.846813 0.516819 0.784370 0.705251 0.611503 0.684116 0.613430 1.0 5.685387e-01 0.581933
0.534256 0.153630 0.788883 0.757516 0.654449 0.265662 0.699081 0.0 5.372545e-01 0.555998
0.242052 0.334466 0.961194 0.824765 0.492676 0.770138 0.519676 0.0 8.255031e-01 0.690512
0.069116 0.331852 0.665720 0.916933 0.518471 0.394991 0.546623 0.0 3.958458e-01 0.512549
0.680564 0.981778 0.902445 0.988432 0.317057 0.972861 0.268416 1.0 8.159538e-01 0.815486
0.693170 0.464741 0.502793 0.898450 0.578209 0.310339 0.585983 0.0 2.314569e-01 0.405590
0.424274 0.762911 0.277017 0.002355 0.387956 0.305437 0.366071 1.0 7.412687e-02 0.333786
0.862676 0.208685 0.987801 0.784866 0.629221 0.680965 0.669922 1.0 8.512832e-01 0.757439
0.925466 0.865211 0.436382 0.042929 0.381897 0.342233 0.346001 1.0 1.871399e-01 0.406477
0.606275 0.478342 0.643046 0.906805 0.672283 0.651140 0.678184 0.0 3.794897e-01 0.516116
0.113237 0.607467 0.041854 0.150752 0.429141 0.355250 0.424851 0.0 1.656348e-03 0.240936
0.538255 0.283678 0.912973 0.969854 0.435934 0.767128 0.472456 0.0 7.376781e-01 0.671716
0.349646 0.819866 0.988783 0.734088 0.722851 0.776040 0.682688 0.0 9.530188e-01 0.851697
0.534811 0.409679 0.799158 0.921252 0.503492 0.216659 0.522636 0.0 5.787182e-01 0.660521
0.949762 0.136089 0.061065 0.088566 0.475514 0.618122 0.529003 0.0 3.222487e-03 0.212467
0.696707 0.995529 0.200748 0.058665 0.467517 0.397461 0.413196 0.0 4.051513e-02 0.311305