 #height_over_sea_level     fall  net_fall     flow  power_of_hydroelectrical_turbine
               0.846154 0.821157  0.848756 0.083333                          0.219965
               0.948718 0.922628  0.946807 0.083333                          0.230125
               0.282051 0.280315  0.276382 0.583333                          0.396961
               0.205128 0.204211  0.202843 0.583333                          0.364292
               1.000000 0.961441  0.941292 0.833333                          0.815860
               0.743590 0.712836  0.723741 0.500000                          0.509315
               0.256410 0.256215  0.257997 0.500000                          0.347345
               0.794872 0.797057  0.803898 0.000000                          0.150678
               0.205128 0.208016  0.221228 0.333333                          0.247174
               0.512821 0.484526  0.503125 0.500000                          0.439729
               0.000000 0.003805  0.019120 0.416667                          0.219012
               0.000000 0.005074  0.025126 0.333333                          0.185509
               0.179487 0.181380  0.190710 0.416667                          0.279837
               0.692308 0.665906  0.691874 0.250000                          0.317924
               0.461538 0.433790  0.454100 0.500000                          0.423578
               0.435897 0.405885  0.416718 0.666667                          0.504297
               0.461538 0.467275  0.485231 0.000000                          0.111175
               0.589744 0.564434  0.593823 0.250000                          0.296921
               0.948718 0.913242  0.906974 0.666667                          0.688597
               0.435897 0.409691  0.435838 0.416667                          0.366095
               0.871795 0.834602  0.818728 0.833333                          0.764976
               0.307692 0.312278  0.328717 0.166667                          0.183839
               0.512821 0.483257  0.496997 0.583333                          0.488331
               0.743590 0.707763  0.696164 0.833333                          0.712335
               0.948718 0.914510  0.913715 0.583333                          0.629275
               0.666667 0.643582  0.677166 0.083333                          0.195617
               0.153846 0.158549  0.177105 0.250000                          0.191759
               0.897436 0.865043  0.870818 0.500000                          0.553061
               0.102564 0.102740  0.104792 0.583333                          0.322608
               0.923077 0.895738  0.917024 0.166667                          0.294589
               0.179487 0.177575  0.171590 0.666667                          0.384849
               0.871795 0.873161  0.877436 0.000000                          0.156432
               0.794872 0.759767  0.752543 0.750000                          0.687169
               1.000000 0.965246  0.962741 0.583333                          0.643637
               0.538462 0.506088  0.507415 0.750000                          0.585032
               0.615385 0.582192  0.580954 0.750000                          0.617164
               0.435897 0.441908  0.460718 0.000000                          0.107719
               0.820513 0.785134  0.777056 0.750000                          0.696979
               0.205128 0.205479  0.208972 0.500000                          0.327510
               0.128205 0.126839  0.122564 0.666667                          0.362963
               0.512821 0.491375  0.530089 0.083333                          0.171844
               0.846154 0.819635  0.843486 0.166667                          0.283506
               0.000000 0.000000  0.000000 0.666667                          0.277680
               0.871795 0.835870  0.826082 0.750000                          0.715881
               0.538462 0.507357  0.514769 0.666667                          0.543051
               0.051282 0.050736  0.049026 0.666667                          0.324563
               0.282051 0.281583  0.282510 0.500000                          0.357738
               0.256410 0.261542  0.279691 0.166667                          0.172639
               0.051282 0.052004  0.055767 0.583333                          0.300733
               0.564103 0.537798  0.564407 0.333333                          0.348470
               0.076923 0.082445  0.103567 0.250000                          0.173640
               0.282051 0.288432  0.309474 0.083333                          0.131631
               0.564103 0.542111  0.579115 0.083333                          0.179825
               0.384615 0.352613  0.352984 0.833333                          0.536002
               0.948718 0.921106  0.941537 0.166667                          0.297860
               0.948718 0.918316  0.932100 0.333333                          0.433388
               0.564103 0.527651  0.507415 1.000000                          0.683361
               0.256410 0.251142  0.230420 0.833333                          0.473915
               0.410256 0.385591  0.417331 0.333333                          0.308197
               0.128205 0.133181  0.152592 0.250000                          0.184646
               0.205128 0.210807  0.230666 0.166667                          0.160697
               0.025641 0.026636  0.031254 0.583333                          0.289020
               0.461538 0.426180  0.409364 1.000000                          0.616389
               0.384615 0.363014  0.402255 0.166667                          0.200225
               0.435897 0.404617  0.409364 0.750000                          0.536075
               0.000000 0.002537  0.012869 0.500000                          0.249885
               0.358974 0.352613  0.328472 0.833333                          0.524504
               0.000000 0.007864  0.034563 0.166667                          0.113141
               0.487179 0.460426  0.484863 0.416667                          0.381356
               0.717949 0.720954  0.730359 0.000000                          0.143221
               0.538462 0.512430  0.539895 0.333333                          0.342023
               0.923077 0.889143  0.889202 0.583333                          0.621521
               0.512821 0.489853  0.524819 0.166667                          0.225823
               0.666667 0.642060  0.671896 0.166667                          0.253837
               0.717949 0.694318  0.726192 0.083333                          0.203062
               0.871795 0.832065  0.801569 1.000000                          0.836295
               0.794872 0.770421  0.799730 0.083333                          0.213919
               0.307692 0.306951  0.307023 0.500000                          0.367840
               0.820513 0.781329  0.752543 1.000000                          0.811418
               0.794872 0.764840  0.779017 0.416667                          0.463601
               0.230769 0.236175  0.255178 0.166667                          0.166800
               0.923077 0.890411  0.895330 0.500000                          0.559162
               0.487179 0.464485  0.500306 0.166667                          0.220895
               0.358974 0.360223  0.368305 0.333333                          0.293329
               0.743590 0.709031  0.703518 0.750000                          0.667306
               0.974359 0.939878  0.938228 0.583333                          0.636427
               0.512821 0.485794  0.509376 0.416667                          0.388422
               0.794872 0.763572  0.772766 0.500000                          0.524497
               0.871795 0.839675  0.846305 0.500000                          0.546010
               0.153846 0.152207  0.147077 0.666667                          0.373926
               0.230769 0.225774  0.205908 0.833333                          0.460690
               0.205128 0.212329  0.235936 0.083333                          0.116524
               0.615385 0.578387  0.556441 1.000000                          0.708587
               0.128205 0.130644  0.141684 0.416667                          0.262956
               0.538462 0.516743  0.554602 0.083333                          0.176039
               0.717949 0.687468  0.699228 0.500000                          0.501860
               0.435897 0.415271  0.456551 0.083333                          0.158911
               0.179487 0.175038  0.156882 0.833333                          0.423399
               0.769231 0.731862  0.712097 0.916667                          0.757711
               0.923077 0.894216  0.912489 0.250000                          0.360890
               0.102564 0.105277  0.117171 0.416667                          0.254538
               0.820513 0.792745  0.814438 0.250000                          0.342206
               0.897436 0.857433  0.826082 1.000000                          0.851028
               0.717949 0.692796  0.720922 0.166667                          0.267720
               0.487179 0.466007  0.505577 0.083333                          0.167655
               0.794872 0.766109  0.785023 0.333333                          0.400905
               0.512821 0.488331  0.520284 0.250000                          0.280530
               0.358974 0.364536  0.383013 0.083333                          0.145774
               0.205128 0.201674  0.188749 0.750000                          0.425688
               0.846154 0.813039  0.815664 0.583333                          0.598359
               0.615385 0.588534  0.613433 0.333333                          0.360252
               0.461538 0.435058  0.460351 0.416667                          0.373579
               0.820513 0.795789  0.824243 0.083333                          0.216971
               0.871795 0.842212  0.858561 0.333333                          0.417286
               0.615385 0.587265  0.607427 0.416667                          0.416829
               0.692308 0.654490  0.629979 1.000000                          0.745162
               0.512821 0.479452  0.475548 0.833333                          0.602949
               0.179487 0.180112  0.184459 0.500000                          0.317832
               0.076923 0.077372  0.080279 0.583333                          0.312071
               0.743590 0.719685  0.750705 0.083333                          0.207254
               0.512821 0.487062  0.515382 0.333333                          0.335728
               0.897436 0.863775  0.864689 0.583333                          0.613842
               0.076923 0.081177  0.098664 0.333333                          0.209255
               0.717949 0.690005  0.711484 0.333333                          0.383858
               0.153846 0.161593  0.186910 0.083333                          0.106119
               0.487179 0.461695  0.490869 0.333333                          0.329144
               0.230769 0.237697  0.260449 0.083333                          0.121565
               0.769231 0.743531  0.769947 0.166667                          0.271504
               0.205128 0.206748  0.215222 0.416667                          0.288344
               0.897436 0.868848  0.887976 0.250000                          0.356260
               0.230769 0.234652  0.250643 0.250000                          0.211457
               0.333333 0.339168  0.358500 0.083333                          0.141201
               0.589744 0.555556  0.549087 0.833333                          0.641819
               0.384615 0.358955  0.386812 0.416667                          0.350163
               0.256410 0.257484  0.264248 0.416667                          0.306153
               0.871795 0.846525  0.873269 0.083333                          0.223461
               0.666667 0.632927  0.629979 0.750000                          0.637273
               0.717949 0.682395  0.671651 0.833333                          0.700421
               0.615385 0.580923  0.573600 0.833333                          0.654215
               0.153846 0.156012  0.166197 0.416667                          0.271298
               0.384615 0.355150  0.367692 0.666667                          0.480763
               0.717949 0.683663  0.679005 0.750000                          0.657255
               0.153846 0.150939  0.139723 0.750000                          0.398992
               0.641026 0.618214  0.652654 0.083333                          0.191846
               0.589744 0.563166  0.588920 0.333333                          0.354391
               0.974359 0.938610  0.931487 0.666667                          0.696691
               0.743590 0.705226  0.679005 1.000000                          0.770312
               0.282051 0.276509  0.254933 0.833333                          0.487325
               0.410256 0.383054  0.405074 0.500000                          0.407002
               0.256410 0.260020  0.275156 0.250000                          0.217938
               0.820513 0.791476  0.809535 0.333333                          0.406258
               0.794872 0.755961  0.728030 1.000000                          0.797717
               0.923077 0.886606  0.875107 0.750000                          0.734671
               0.641026 0.616692  0.647383 0.166667                          0.249417
               1.000000 0.969051  0.981125 0.333333                          0.449824
               0.820513 0.790208  0.803530 0.416667                          0.470265
               0.615385 0.579655  0.565020 0.916667                          0.679934
               0.461538 0.431253  0.441231 0.666667                          0.514270
               0.769231 0.745053  0.775218 0.083333                          0.210345
               0.410256 0.416540  0.436205 0.000000                          0.104215
               0.384615 0.357686  0.380561 0.500000                          0.398037
               0.974359 0.937341  0.924133 0.750000                          0.753062
               0.025641 0.033232  0.059076 0.166667                          0.119058
               0.717949 0.691273  0.716387 0.250000                          0.323048
               0.333333 0.329782  0.318667 0.666667                          0.454630
               0.564103 0.536530  0.558402 0.416667                          0.402619
               0.615385 0.619482  0.632308 0.000000                          0.134521
               0.641026 0.608828  0.612820 0.666667                          0.581666
               0.333333 0.334855  0.343792 0.333333                          0.285667
               0.153846 0.160071  0.181640 0.166667                          0.149405
               0.076923 0.078640  0.086408 0.500000                          0.280030
               0.794872 0.757230  0.736610 0.916667                          0.769758
               0.333333 0.333587  0.337786 0.416667                          0.333017
               0.666667 0.640538  0.667361 0.250000                          0.312694
               0.897436 0.861238  0.850594 0.750000                          0.726895
               0.897436 0.862506  0.857948 0.666667                          0.672003
               0.923077 0.882801  0.850594 1.000000                          0.863179
               0.589744 0.560629  0.576664 0.500000                          0.463339
               0.051282 0.054541  0.068146 0.416667                          0.237202
               0.820513 0.782598  0.761123 0.916667                          0.781341
               0.692308 0.667428  0.696409 0.166667                          0.258370
               0.410256 0.384323  0.411325 0.416667                          0.358411
               0.820513 0.787671  0.791151 0.583333                          0.590323
               1.000000 0.973364  0.995833 0.083333                          0.234514
               1.000000 0.963978  0.956000 0.666667                          0.704947
               0.307692 0.305682  0.300895 0.583333                          0.408253
               0.948718 0.910705  0.892266 0.833333                          0.795732
               0.179487 0.176306  0.164236 0.750000                          0.412982
               0.743590 0.706494  0.687584 0.916667                          0.745213
               0.102564 0.107813  0.127712 0.250000                          0.177413
               0.538462 0.502283  0.482902 1.000000                          0.668647
               1.000000 0.970320  0.986028 0.250000                          0.380093
               0.589744 0.558092  0.563795 0.666667                          0.562248
               0.692308 0.657027  0.647138 0.833333                          0.689440
               0.435897 0.410959  0.441843 0.333333                          0.315337
               0.487179 0.452816  0.442456 0.916667                          0.614457
               0.564103 0.535261  0.552151 0.500000                          0.455484
               0.512821 0.480720  0.482902 0.750000                          0.573371
               0.384615 0.360223  0.392818 0.333333                          0.301130
               0.923077 0.884069  0.859174 0.916667                          0.827762
               0.846154 0.807965  0.785635 0.916667                          0.793032
               0.487179 0.457889  0.472484 0.583333                          0.479346
               0.846154 0.814307  0.821792 0.500000                          0.538803
               0.384615 0.351344  0.344405 0.916667                          0.446604
               0.666667 0.636733  0.650202 0.500000                          0.486595
               0.256410 0.249873  0.221841 0.916667                          0.467969
               0.282051 0.275241  0.246354 0.916667                          0.495640
               0.076923 0.076104  0.073538 0.666667                          0.337957
               0.615385 0.589802  0.618336 0.250000                          0.302217
               0.230769 0.227042  0.213261 0.750000                          0.437149
               0.538462 0.513699  0.544797 0.250000                          0.285833
               0.358974 0.361492  0.373208 0.250000                          0.244529
               0.846154 0.815576  0.828043 0.416667                          0.476534
               0.794872 0.768899  0.794460 0.166667                          0.275441
               0.487179 0.455353  0.458390 0.750000                          0.562970
               0.230769 0.229579  0.227356 0.583333                          0.374843
               0.641026 0.644850  0.656821 0.000000                          0.134902
               0.948718 0.919584  0.937002 0.250000                          0.365160
               0.461538 0.429985  0.433877 0.750000                          0.549206
               0.769231 0.733130  0.720677 0.833333                          0.722536
               0.641026 0.611365  0.625689 0.500000                          0.478927
               0.435897 0.413749  0.451281 0.166667                          0.210694
               0.179487 0.185439  0.206153 0.166667                          0.155272
               0.846154 0.806697  0.777056 1.000000                          0.825180
               0.974359 0.943683  0.956612 0.333333                          0.438065
               0.769231 0.739472  0.754504 0.416667                          0.457108
               0.692308 0.664637  0.686971 0.333333                          0.378489
               0.435897 0.408422  0.429587 0.500000                          0.415458
               0.025641 0.031710  0.054541 0.250000                          0.157019
               0.230769 0.230847  0.233484 0.500000                          0.337253
               0.128205 0.134703  0.157127 0.166667                          0.143426
               0.794872 0.758498  0.745189 0.833333                          0.733292
               0.179487 0.182648  0.196715 0.333333                          0.239665
               0.512821 0.518011  0.534257 0.000000                          0.118175
               0.564103 0.532725  0.539282 0.666667                          0.552606
               0.589744 0.553019  0.531928 1.000000                          0.695999
               0.666667 0.639269  0.662459 0.333333                          0.372597
               0.435897 0.407154  0.423459 0.583333                          0.461301
               0.307692 0.301877  0.279446 0.833333                          0.500800
               0.897436 0.870370  0.892511 0.166667                          0.290807
               0.179487 0.186961  0.211423 0.083333                          0.111109
               0.615385 0.583460  0.588307 0.666667                          0.571911
               0.307692 0.313800  0.333987 0.083333                          0.136262
               0.923077 0.892948  0.907587 0.333333                          0.428059
               0.717949 0.679858  0.654492 1.000000                          0.758314
               0.410256 0.386859  0.422233 0.250000                          0.256614
               0.692308 0.668950  0.701679 0.083333                          0.199309
               1.000000 0.960173  0.932712 0.916667                          0.860602
               0.743590 0.716641  0.740900 0.250000                          0.332319
               0.102564 0.100203  0.090697 0.750000                          0.363853
               0.410256 0.379249  0.384851 0.750000                          0.530522
               0.410256 0.375444  0.360338 1.000000                          0.582583
               0.923077 0.897260  0.922294 0.083333                          0.227546
               0.102564 0.104008  0.110920 0.500000                          0.289394
               0.256410 0.258752  0.270254 0.333333                          0.264651
               0.000000 0.002029  0.006741 0.583333                          0.275753
               0.923077 0.885337  0.867753 0.833333                          0.785316
               0.897436 0.859970  0.843241 0.833333                          0.775196
               0.487179 0.454084  0.451036 0.833333                          0.589295
               0.205128 0.209285  0.226131 0.250000                          0.204619
               0.179487 0.178843  0.178331 0.583333                          0.353660
               0.230769 0.232116  0.239735 0.416667                          0.297007
               0.871795 0.838407  0.840176 0.583333                          0.605989
               0.358974 0.355150  0.343179 0.666667                          0.467502
               0.564103 0.531456  0.531928 0.750000                          0.595767
               0.358974 0.353881  0.335825 0.750000                          0.496681
               0.461538 0.428716  0.426523 0.833333                          0.574633
               0.948718 0.911974  0.899620 0.750000                          0.743921
               0.487179 0.451547  0.433877 1.000000                          0.635503
               1.000000 1.000000  1.000000 0.000000                          0.162521
               0.256410 0.252410  0.237774 0.750000                          0.448816
               1.000000 0.966514  0.968869 0.500000                          0.578636
               0.538462 0.511162  0.533889 0.416667                          0.395492
               0.410256 0.388382  0.426768 0.166667                          0.205745
               0.538462 0.503551  0.491482 0.916667                          0.638715
               0.333333 0.328513  0.311313 0.750000                          0.483911
               0.384615 0.364536  0.407525 0.083333                          0.150030
               0.128205 0.128108  0.129305 0.583333                          0.332710
               0.846154 0.809234  0.794215 0.833333                          0.754472
               0.846154 0.810502  0.801569 0.750000                          0.706432
               0.589744 0.565956  0.598358 0.166667                          0.240245
               0.461538 0.439117  0.475794 0.166667                          0.215971
               0.128205 0.125571  0.115210 0.750000                          0.386009
               0.641026 0.606291  0.598113 0.833333                          0.665083
               0.948718 0.949264  0.950974 0.000000                          0.161938
               0.717949 0.688737  0.705479 0.416667                          0.444168
               0.974359 0.941147  0.944356 0.500000                          0.572976
               0.871795 0.837139  0.833435 0.666667                          0.663684
               0.717949 0.681126  0.663071 0.916667                          0.732946
               0.128205 0.131913  0.147690 0.333333                          0.224604
               0.128205 0.129376  0.135433 0.500000                          0.298831
               0.538462 0.515221  0.549332 0.166667                          0.230755
               0.230769 0.228311  0.220615 0.666667                          0.407136
               0.461538 0.432522  0.447972 0.583333                          0.470250
               0.282051 0.279046  0.269641 0.666667                          0.429954
               0.820513 0.788940  0.797279 0.500000                          0.531442
               0.461538 0.436327  0.466356 0.333333                          0.322103
               0.128205 0.136225  0.162397 0.083333                          0.101213
               0.641026 0.603754  0.580954 1.000000                          0.720938
               0.051282 0.055809  0.074151 0.333333                          0.201572
               0.358974 0.350076  0.311313 1.000000                          0.536134
               1.000000 0.967783  0.975119 0.416667                          0.511393
               0.974359 0.974632  0.975487 0.000000                          0.162292
               0.923077 0.923896  0.926462 0.000000                          0.160712
               0.871795 0.845003  0.867999 0.166667                          0.287383
               0.307692 0.309488  0.319279 0.333333                          0.279435
               0.897436 0.871892  0.897782 0.083333                          0.225763
               0.384615 0.356418  0.374433 0.583333                          0.443212
               0.820513 0.794267  0.818973 0.166667                          0.279313
               0.076923 0.083968  0.108101 0.166667                          0.130953
               0.589744 0.567478  0.603628 0.083333                          0.183985
               0.256410 0.263064  0.284961 0.083333                          0.126553
               0.461538 0.437595  0.471259 0.250000                          0.270288
               0.564103 0.528919  0.515995 0.916667                          0.651984
               0.410256 0.380518  0.392205 0.666667                          0.493406
               0.333333 0.327245  0.303959 0.833333                          0.512547
               0.025641 0.027905  0.037382 0.500000                          0.259981
               0.384615 0.350076  0.335825 1.000000                          0.562623
               0.076923 0.074835  0.066185 0.750000                          0.339495
               0.307692 0.303146  0.286800 0.750000                          0.471996
               0.487179 0.456621  0.465743 0.666667                          0.523776
               0.538462 0.543379  0.558769 0.000000                          0.121613
               0.564103 0.540589  0.573845 0.166667                          0.235349
               0.769231 0.771689  0.779385 0.000000                          0.148677
               0.846154 0.818113  0.838951 0.250000                          0.347217
               0.512821 0.481989  0.490256 0.666667                          0.533370
               0.282051 0.286910  0.304204 0.166667                          0.178193
               0.589744 0.594115  0.607795 0.000000                          0.128550
               0.846154 0.816844  0.834048 0.333333                          0.412081
               0.282051 0.282851  0.288761 0.416667                          0.315125
               0.615385 0.592846  0.628141 0.083333                          0.188070
               0.435897 0.412227  0.446746 0.250000                          0.262619
               0.948718 0.909437  0.883687 0.916667                          0.838491
               0.769231 0.738204  0.748253 0.500000                          0.516629
               0.692308 0.655758  0.638559 0.916667                          0.721203
               0.948718 0.915779  0.919843 0.500000                          0.566437
               0.333333 0.331050  0.325408 0.583333                          0.420730
               0.846154 0.847793  0.852923 0.000000                          0.154433
               0.435897 0.402080  0.393431 0.916667                          0.590403
               0.153846 0.153475  0.153818 0.583333                          0.343063
               0.487179 0.459158  0.478613 0.500000                          0.431587
               0.358974 0.358955  0.362299 0.416667                          0.341592
               0.384615 0.353881  0.360338 0.750000                          0.509561
               0.974359 0.946474  0.966050 0.166667                          0.300684
               0.692308 0.662100  0.674715 0.500000                          0.494327
               0.384615 0.391172  0.411693 0.000000                          0.100000
               0.974359 0.936073  0.916779 0.833333                          0.805948
               0.333333 0.337646  0.353230 0.166667                          0.189363
               0.641026 0.613902  0.637946 0.333333                          0.366691
               0.794872 0.767377  0.789925 0.250000                          0.337770
               0.974359 0.933536  0.899620 1.000000                          0.899119
               0.871795 0.833333  0.810148 0.916667                          0.805482
               0.692308 0.695586  0.705846 0.000000                          0.140435
               0.153846 0.149670  0.132369 0.833333                          0.397941
               0.410256 0.381786  0.398946 0.583333                          0.452310
               0.461538 0.427448  0.417943 0.916667                          0.602401
               0.615385 0.591324  0.622870 0.166667                          0.244837
               0.641026 0.605023  0.589533 0.916667                          0.694097
               0.358974 0.356418  0.349920 0.583333                          0.432725
               0.692308 0.663369  0.680966 0.416667                          0.437150
               0.769231 0.740741  0.760510 0.333333                          0.395410
               0.564103 0.539066  0.569310 0.250000                          0.291470
               0.153846 0.157281  0.172202 0.333333                          0.232041
               0.564103 0.530188  0.524574 0.833333                          0.629734
               0.641026 0.612633  0.631940 0.416667                          0.423545
               0.410256 0.389904  0.432038 0.083333                          0.154510
               0.282051 0.285388  0.299669 0.250000                          0.224137
               0.948718 0.917047  0.926094 0.416667                          0.500125
               0.230769 0.233384  0.245741 0.333333                          0.254947
               0.948718 0.908168  0.875107 1.000000                          0.876140
               0.384615 0.361492  0.397720 0.250000                          0.250582
               0.179487 0.183917  0.201618 0.250000                          0.197981
               0.512821 0.476915  0.458390 1.000000                          0.650395
               0.897436 0.867580  0.883074 0.333333                          0.422526
               0.102564 0.106545  0.123177 0.333333                          0.217350
               0.769231 0.734399  0.728030 0.750000                          0.677451
               0.743590 0.746322  0.754872 0.000000                          0.145986
               0.974359 0.934805  0.908200 0.916667                          0.850189
               0.589744 0.556824  0.556441 0.750000                          0.606689
               0.794872 0.762303  0.766638 0.583333                          0.582590
               0.333333 0.336124  0.348695 0.250000                          0.237849
               0.666667 0.630391  0.614046 0.916667                          0.707800
               0.512821 0.478184  0.466969 0.916667                          0.626734
               0.333333 0.325977  0.295379 0.916667                          0.533619
               0.256410 0.253678  0.245128 0.666667                          0.418312
               0.051282 0.058600  0.083589 0.166667                          0.124997
               0.897436 0.858701  0.834661 0.916667                          0.817033
               0.051282 0.053272  0.061895 0.500000                          0.270229
               0.692308 0.658295  0.654492 0.750000                          0.647387
               0.871795 0.840944  0.852555 0.416667                          0.482518
               0.051282 0.057078  0.079054 0.250000                          0.163820
               0.564103 0.568747  0.583282 0.000000                          0.125192
               0.025641 0.025368  0.024513 0.666667                          0.299180
               0.923077 0.887874  0.882461 0.666667                          0.680395
               0.615385 0.585997  0.601177 0.500000                          0.471005
               0.641026 0.615170  0.642848 0.250000                          0.307507
               0.102564 0.101471  0.098051 0.666667                          0.350190
               0.435897 0.403349  0.402010 0.833333                          0.561741
               0.641026 0.607560  0.605466 0.750000                          0.627256
               1.000000 0.958904  0.924133 1.000000                          0.900000
               0.743590 0.714105  0.729991 0.416667                          0.454089
               0.743590 0.715373  0.735997 0.333333                          0.389732
               0.102564 0.109335  0.132614 0.166667                          0.137230
               0.974359 0.942415  0.950607 0.416667                          0.505930
               0.666667 0.631659  0.622625 0.833333                          0.677684
               0.000000 0.006342  0.030028 0.250000                          0.149964
               0.666667 0.638001  0.656453 0.416667                          0.430325
               0.820513 0.783866  0.769702 0.833333                          0.743880
               0.923077 0.891679  0.901581 0.416667                          0.494142
               0.461538 0.440639  0.481064 0.083333                          0.163405
               0.076923 0.079909  0.092658 0.416667                          0.245746
               0.307692 0.308219  0.313274 0.416667                          0.323687
               0.974359 0.944952  0.961515 0.250000                          0.369688
               0.025641 0.030441  0.049638 0.333333                          0.193427
               0.307692 0.304414  0.294154 0.666667                          0.442012
               0.589744 0.561898  0.582915 0.416667                          0.409753
               0.666667 0.629122  0.605466 1.000000                          0.733523
               0.871795 0.843480  0.863464 0.250000                          0.351665
               0.820513 0.822425  0.828410 0.000000                          0.152587
               0.743590 0.718163  0.745434 0.166667                          0.267087
               0.307692 0.300609  0.270867 0.916667                          0.514945
               0.897436 0.866312  0.877068 0.416667                          0.488071
               1.000000 0.962709  0.948646 0.750000                          0.762002
               0.307692 0.310756  0.324182 0.250000                          0.230932
               0.025641 0.029173  0.043633 0.416667                          0.228062
               0.282051 0.277778  0.262287 0.750000                          0.460438
               0.358974 0.357686  0.356049 0.500000                          0.388966
               0.897436 0.898529  0.901949 0.000000                          0.158215
               0.333333 0.324708  0.286800 1.000000                          0.517607
               0.974359 0.947996  0.971320 0.083333                          0.231114
               0.538462 0.509893  0.527638 0.500000                          0.447636
               0.282051 0.284120  0.294767 0.333333                          0.270528
               1.000000 0.971842  0.990563 0.166667                          0.302756
               0.205128 0.200406  0.181395 0.833333                          0.446697
               0.666667 0.670218  0.681333 0.000000                          0.137709
               0.358974 0.351344  0.319892 0.916667                          0.547728
               0.769231 0.742009  0.765412 0.250000                          0.332683
               0.256410 0.254947  0.251869 0.583333                          0.385822
               0.205128 0.202943  0.196102 0.666667                          0.396215
               0.153846 0.154744  0.159946 0.500000                          0.308200
               0.487179 0.492643  0.509744 0.000000                          0.114579
               0.435897 0.400812  0.384851 1.000000                          0.598127
               0.410256 0.376712  0.368918 0.916667                          0.578445
               0.333333 0.332319  0.331536 0.500000                          0.378358
               0.589744 0.554287  0.540507 0.916667                          0.666677
               0.538462 0.504820  0.500061 0.833333                          0.616710
               0.358974 0.363014  0.377742 0.166667                          0.194879
               0.769231 0.730594  0.703518 1.000000                          0.783981
               0.410256 0.377981  0.377497 0.833333                          0.548486
               0.538462 0.508625  0.521510 0.583333                          0.497467
               0.487179 0.462963  0.495772 0.250000                          0.274483